Rf		R3		Freq_tr(Hz)		V_tr(V)		DC_tr(V)		Freq_sq(Hz)		V_sq(V)		DC_sq(V)		Phase(deg)		t_rise_tr(s)		t_fall_tr(s)		t_rise_sq(s)		t_fall_sq(s)	top_tr(V)	base_tr(V)	top_sq(V)	base_sq(V)
0		180		726.10		8.2300		4.9683		725.30		8.2600		4.9536		91.90		0.000500		0.000590		0.000026		0.000027		8.7800		0.6200		8.6300		0.5700
1		175		725.50		8.1600		4.9724		724.40		8.2600		4.8782		91.90		0.000501		0.000590		0.000026		0.000027		8.7800		0.6200		8.6300		0.5700
3		170		721.10		8.0300		4.9849		721.30		8.2600		4.8623		91.60		0.000500		0.000589		0.000027		0.000028		8.7800		0.6900		8.6300		0.5700
5		165		717.80		8.0900		5.0015		717.80		8.2600		4.8663		91.70		0.000506		0.000595		0.000027		0.000027		8.7100		0.6900		8.6300		0.5700
6		160		717.80		8.0300		5.0222		717.40		8.1900		4.8822		91.80		0.000504		0.000599		0.000026		0.000027		8.7800		0.7500		8.6300		0.5700
8		155		714.50		8.0300		5.0305		713.90		8.1900		4.8663		92.00		0.000510		0.000604		0.000026		0.000027		8.7800		0.7500		8.6300		0.5700
10		150		710.00		7.9600		5.0471		711.00		8.2600		4.8623		90.80		0.000518		0.000604		0.000026		0.000027		8.7800		0.8200		8.6300		0.5700
12		145		707.40		7.9600		5.0637		707.60		8.2600		4.8742		91.50		0.000514		0.000617		0.000026		0.000027		8.7100		0.8200		8.6300		0.5700
14		140		705.20		7.8900		5.0761		704.60		8.3200		4.8703		91.60		0.000514		0.000613		0.000026		0.000027		8.7100		0.8800		8.6300		0.5700
16		135		701.10		7.8300		5.0927		702.00		8.1900		4.8663		92.10		0.000517		0.000618		0.000027		0.000027		8.7800		0.8800		8.6300		0.5700
18		130		699.30		7.8300		5.1093		698.90		8.2600		4.8742		92.50		0.000525		0.000616		0.000026		0.000027		8.7800		0.9500		8.6300		0.5700
20		125		696.20		7.7600		5.1217		696.20		8.3200		4.8703		91.30		0.000524		0.000619		0.000026		0.000027		8.7800		0.9500		8.6300		0.5700
22		120		693.30		7.6900		5.1383		693.30		8.2600		4.8703		93.30		0.000527		0.000622		0.000026		0.000027		8.7800		1.0200		8.6300		0.5700
24		115		690.20		7.7600		5.1507		690.60		8.2600		4.8703		91.50		0.000525		0.000621		0.000026		0.000028		8.7100		1.0200		8.6300		0.5700
26		110		689.10		7.6300		5.1632		687.90		8.1900		4.8782		91.90		0.000529		0.000620		0.000026		0.000027		8.7100		1.0800		8.6300		0.5700
28		105		685.70		7.6300		5.1797		685.50		8.1900		4.8663		92.00		0.000532		0.000624		0.000026		0.000027		8.7800		1.0800		8.6300		0.5700
30		100		683.40		7.6300		5.1922		683.60		8.2600		4.8742		91.30		0.000530		0.000623		0.000026		0.000027		8.7800		1.1500		8.6300		0.5700
33		95		679.20		7.5600		5.2046		679.20		8.2600		4.8623		91.70		0.000533		0.000631		0.000026		0.000028		8.7800		1.1500		8.6300		0.5700
35		90		677.00		7.5000		5.2212		677.90		8.1900		4.8742		92.10		0.000530		0.000631		0.000026		0.000027		8.7800		1.1500		8.6300		0.5700
37		85		676.60		7.5000		5.2336		676.80		8.1900		4.8782		92.50		0.000539		0.000630		0.000026		0.000027		8.7100		1.2200		8.6300		0.5700
40		80		674.40		7.4300		5.2461		674.60		8.3200		4.8584		92.90		0.000537		0.000636		0.000026		0.000027		8.7100		1.2800		8.6300		0.5700
42		75		674.00		7.4300		5.2585		675.10		8.2600		4.8623		91.80		0.000543		0.000632		0.000026		0.000027		8.7100		1.2800		8.6300		0.5700
45		70		673.90		7.3600		5.2668		674.20		8.3200		4.8425		92.40		0.000543		0.000635		0.000027		0.000027		8.7100		1.3500		8.6300		0.5700
47		65		674.60		7.3600		5.2792		675.30		8.1900		4.8385		93.10		0.000546		0.000628		0.000026		0.000028		8.7800		1.3500		8.6300		0.5700
50		60		676.40		7.3000		5.2875		675.90		8.3200		4.8226		92.00		0.000552		0.000636		0.000026		0.000028		8.7100		1.4200		8.6300		0.5700
53		55		678.10		7.3000		5.2875		677.10		8.3200		4.7988		92.70		0.000560		0.000635		0.000026		0.000027		8.7100		1.4200		8.6300		0.5700
55		50		680.10		7.2300		5.2917		680.50		8.3200		4.7948		93.20		0.000560		0.000629		0.000026		0.000027		8.7100		1.4800		8.6300		0.5700
58		45		682.90		7.2300		5.2917		683.20		8.2600		4.7829		93.60		0.000569		0.000632		0.000026		0.000027		8.7100		1.4800		8.6300		0.5700
61		40		686.20		7.1600		5.2875		686.80		8.3200		4.7671		92.10		0.000569		0.000621		0.000026		0.000027		8.7100		1.5500		8.6300		0.5700
64		35		691.20		7.1000		5.2834		690.40		8.3200		4.7512		94.30		0.000568		0.000613		0.000026		0.000027		8.6500		1.6100		8.6300		0.5700
67		30		694.30		7.0300		5.2751		694.40		8.2600		4.7234		94.80		0.000568		0.000606		0.000026		0.000027		8.5800		1.6100		8.6300		0.5700
70		25		698.30		6.9600		5.2751		698.70		8.3200		4.7035		95.50		0.000560		0.000598		0.000027		0.000028		8.5800		1.6800		8.6300		0.5700
73		20		704.00		6.8300		5.2709		702.60		8.3200		4.6837		95.80		0.000559		0.000585		0.000026		0.000027		8.5100		1.6800		8.6300		0.5700
76		15		708.00		6.8300		5.2626		706.80		8.2600		4.6519		95.80		0.000564		0.000587		0.000026		0.000027		8.5100		1.7500		8.6300		0.5700
80		10		710.60		6.7000		5.2585		710.20		8.2600		4.6202		97.00		0.000555		0.000568		0.000026		0.000027		8.4500		1.7500		8.6300		0.5700
83		5		714.90		6.6300		5.2585		714.90		8.2600		4.6122		97.00		0.000571		0.000576		0.000026		0.000027		8.3800		1.7500		8.6300		0.5700
86		0		720.50		6.5700		5.2544		719.60		8.2600		4.5963		97.30		0.000571		0.000570		0.000026		0.000027		8.3800		1.8100		8.6300		0.5700
