R1		Freq_tr(Hz)		V_tr(V)		DC_tr(V)		Freq_sq(Hz)		V_sq(V)		DC_sq(V)		Phase(deg)	t	rise_tr(s)		fall_tr(s)		rise_sq(s)		fall_sq(s)
255		1728.30		1.5500		4.6568		1724.10		8.7600		4.6730		84.60		0.000202		0.000230		0.000022		0.000026
254		1721.80		1.5300		4.6589		1728.30		8.7600		4.6860		85.70		0.000204		0.000232		0.000022		0.000026
253		1725.30		1.5300		4.6604		1730.10		8.7600		4.7120		84.40		0.000203		0.000227		0.000022		0.000026
252		1731.30		1.5300		4.6604		1733.70		8.7600		4.7070		84.00		0.000202		0.000230		0.000022		0.000026
251		1737.90		1.5300		4.6611		1737.30		8.7600		4.7030		85.50		0.000201		0.000232		0.000022		0.000026
250		1739.10		1.5200		4.6647		1739.70		8.7600		4.6950		84.60		0.000201		0.000229		0.000022		0.000026
249		1742.80		1.5200		4.6647		1742.20		8.7600		4.6990		84.30		0.000200		0.000230		0.000022		0.000026
248		1747.00		1.5100		4.6654		1747.00		8.7600		4.6990		86.10		0.000200		0.000227		0.000022		0.000026
247		1753.80		1.5200		4.6676		1750.70		8.7600		4.6950		84.80		0.000200		0.000227		0.000022		0.000026
246		1758.10		1.5100		4.6697		1753.20		8.7600		4.6900		85.60		0.000198		0.000228		0.000022		0.000026
245		1759.90		1.5100		4.6697		1756.90		8.7600		4.6860		85.60		0.000199		0.000225		0.000022		0.000026
244		1758.10		1.5000		4.6726		1759.90		8.7600		4.6860		84.90		0.000200		0.000228		0.000022		0.000026
243		1763.00		1.5000		4.6741		1763.00		8.7600		4.6990		85.00		0.000201		0.000226		0.000022		0.000026
242		1759.30		1.5000		4.6741		1764.90		8.7600		4.6990		84.40		0.000203		0.000227		0.000023		0.000026
241		1770.50		1.5000		4.6769		1769.30		8.7600		4.7120		85.20		0.000200		0.000229		0.000022		0.000026
