R1		Freq_tr(Hz)		V_tr(V)		DC_tr(V)		Freq_sq(Hz)		V_sq(V)		DC_sq(V)		Phase(deg)	t	rise_tr(s)		fall_tr(s)		rise_sq(s)		fall_sq(s)
255		1715.90		1.5400		4.6561		1721.20		8.7600		4.6810		86.00		0.000206		0.000234		0.000022		0.000026
254		1721.80		1.5400		4.6590		1722.40		8.8300		4.7060		85.20		0.000206		0.000236		0.000022		0.000026
253		1726.50		1.5400		4.6590		1725.30		8.7600		4.7020		85.60		0.000206		0.000233		0.000022		0.000026
252		1729.50		1.5400		4.6605		1729.50		8.7600		4.6980		84.40		0.000204		0.000233		0.000022		0.000026
251		1725.90		1.5400		4.6613		1732.50		8.7600		4.6930		86.00		0.000204		0.000231		0.000022		0.000026
250		1739.70		1.5100		4.6635		1735.50		8.8300		4.7100		86.20		0.000206		0.000233		0.000022		0.000026
249		1737.90		1.5100		4.6642		1738.50		8.8300		4.6850		86.00		0.000202		0.000233		0.000022		0.000026
248		1742.20		1.5100		4.6649		1742.80		8.7600		4.6980		86.30		0.000205		0.000231		0.000022		0.000026
247		1737.90		1.5100		4.6664		1745.80		8.7600		4.6980		85.10		0.000205		0.000232		0.000022		0.000026
246		1752.50		1.5100		4.6694		1749.50		8.7600		4.7150		84.90		0.000202		0.000228		0.000022		0.000026
245		1756.20		1.5100		4.6694		1751.90		8.7600		4.6850		85.90		0.000205		0.000226		0.000022		0.000026
244		1751.30		1.5000		4.6716		1755.60		8.8300		4.6850		86.20		0.000200		0.000230		0.000022		0.000026
243		1756.90		1.5000		4.6723		1759.30		8.7600		4.7060		83.50		0.000200		0.000227		0.000022		0.000026
242		1758.70		1.5000		4.6745		1763.00		8.7600		4.7020		85.90		0.000201		0.000227		0.000022		0.000026
241		1761.20		1.5000		4.6768		1766.80		8.7600		4.7020		85.90		0.000200		0.000226		0.000022		0.000026
240		1768.70		1.4900		4.6782		1768.00		8.7600		4.7060		84.90		0.000199		0.000228		0.000022		0.000026
239		1769.30		1.4900		4.6782		1772.40		8.8300		4.6980		84.70		0.000198		0.000225		0.000022		0.000026
238		1780.00		1.4900		4.6790		1776.80		8.7600		4.7020		86.00		0.000198		0.000224		0.000022		0.000026
237		1775.60		1.4800		4.6827		1778.10		8.7600		4.6890		86.60		0.000200		0.000225		0.000022		0.000026
236		1778.10		1.4800		4.6834		1783.20		8.7600		4.7020		85.70		0.000197		0.000222		0.000023		0.000026
235		1783.80		1.4800		4.6849		1785.10		8.7600		4.7060		86.70		0.000195		0.000224		0.000022		0.000026
234		1783.80		1.4800		4.6856		1789.50		8.7600		4.7020		85.90		0.000198		0.000223		0.000022		0.000026
233		1796.60		1.4800		4.6871		1794.00		8.7600		4.7100		86.90		0.000197		0.000222		0.000022		0.000026
232		1794.70		1.4700		4.6878		1796.00		8.7600		4.6890		84.50		0.000194		0.000222		0.000022		0.000026
231		1799.20		1.4700		4.6908		1801.20		8.7600		4.7020		84.20		0.000192		0.000221		0.000022		0.000026
230		1803.10		1.4800		4.6915		1805.70		8.7600		4.6980		84.90		0.000194		0.000220		0.000022		0.000026
229		1801.80		1.4700		4.6938		1807.00		8.7600		4.6980		85.00		0.000194		0.000221		0.000022		0.000026
228		1824.20		1.4700		4.6960		1813.60		8.7600		4.7150		85.70		0.000197		0.000219		0.000022		0.000026
227		1816.90		1.4800		4.6967		1815.50		8.7600		4.6640		86.70		0.000192		0.000218		0.000022		0.000026
226		1812.30		1.4500		4.7004		1820.20		8.7600		4.6930		85.40		0.000193		0.000219		0.000022		0.000026
225		1822.20		1.4400		4.7011		1823.50		8.7600		4.7150		84.80		0.000193		0.000217		0.000022		0.000026
224		1826.80		1.4400		4.7019		1825.50		8.7600		4.6980		84.90		0.000190		0.000216		0.000022		0.000026
223		1826.20		1.4500		4.7026		1829.50		8.7600		4.6930		85.10		0.000192		0.000214		0.000023		0.000026
222		1835.50		1.4400		4.7048		1834.20		8.7600		4.7060		85.00		0.000192		0.000214		0.000022		0.000026
221		1836.20		1.4300		4.7063		1838.20		8.7600		4.6890		85.00		0.000191		0.000216		0.000022		0.000026
220		1843.70		1.4300		4.7071		1842.30		8.7600		4.6930		85.80		0.000189		0.000214		0.000022		0.000026
219		1836.20		1.4300		4.7093		1843.70		8.7600		4.6890		85.50		0.000193		0.000214		0.000022		0.000026
218		1846.40		1.4300		4.7085		1849.80		8.7600		4.7150		85.90		0.000188		0.000218		0.000022		0.000026
217		1858.00		1.4300		4.7107		1851.90		8.7600		4.6980		85.00		0.000191		0.000216		0.000022		0.000026
216		1817.50		1.4200		4.7233		1812.90		8.7600		4.7100		86.60		0.000188		0.000217		0.000022		0.000026
215		1878.30		1.4700		4.6967		1849.80		8.7600		4.6680		85.50		0.000192		0.000220		0.000023		0.000026
214		1819.50		1.4300		4.7152		1860.10		8.7600		4.6550		84.90		0.000189		0.000214		0.000022		0.000026
213		1861.50		1.4200		4.7174		1867.10		8.7600		4.7910		84.50		0.000191		0.000217		0.000023		0.000026
212		1874.80		1.4200		4.7189		1870.60		8.7600		4.7060		85.70		0.000190		0.000214		0.000023		0.000026
211		1879.70		1.4100		4.7189		1874.80		8.7600		4.6890		86.20		0.000191		0.000215		0.000022		0.000026
210		1880.40		1.4100		4.7203		1879.00		8.7600		4.6850		85.00		0.000188		0.000214		0.000022		0.000026
209		1888.00		1.4100		4.7218		1883.00		8.7600		4.6930		86.20		0.000186		0.000215		0.000022		0.000026
208		1885.00		1.3900		4.7218		1888.00		8.7600		4.6850		85.20		0.000188		0.000214		0.000022		0.000026
207		1889.00		1.3900		4.7248		1893.00		8.7600		4.7020		85.30		0.000186		0.000209		0.000022		0.000026
206		1893.00		1.3900		4.7277		1895.00		8.7600		4.7020		85.00		0.000186		0.000212		0.000022		0.000026
205		1895.00		1.3800		4.7299		1900.00		8.7600		4.7020		85.60		0.000188		0.000212		0.000022		0.000026
204		1903.00		1.3800		4.7307		1903.00		8.7600		4.7060		85.50		0.000184		0.000211		0.000022		0.000026
203		1908.00		1.3800		4.7314		1908.00		8.7600		4.6930		86.20		0.000185		0.000208		0.000022		0.000026
202		1912.00		1.3800		4.7322		1911.00		8.7600		4.6980		85.90		0.000185		0.000210		0.000022		0.000026
201		1919.00		1.3800		4.7351		1916.00		8.7600		4.6980		84.00		0.000184		0.000208		0.000022		0.000026
200		1926.00		1.3700		4.7366		1920.00		8.8300		4.6890		84.00		0.000185		0.000206		0.000022		0.000026
199		1921.00		1.3700		4.7373		1924.00		8.7600		4.6810		84.60		0.000182		0.000210		0.000022		0.000026
198		1933.00		1.3700		4.7381		1928.00		8.7600		4.7060		85.80		0.000181		0.000207		0.000022		0.000026
197		1938.00		1.3700		4.7410		1933.00		8.7600		4.6850		85.60		0.000181		0.000204		0.000022		0.000026
196		1932.00		1.3600		4.7418		1937.00		8.7600		4.6850		85.30		0.000181		0.000205		0.000022		0.000026
195		1932.00		1.3600		4.7455		1943.00		8.7600		4.7060		85.60		0.000178		0.000204		0.000022		0.000026
194		1949.00		1.3600		4.7440		1946.00		8.7600		4.7100		85.00		0.000180		0.000203		0.000022		0.000026
193		1951.00		1.3600		4.7462		1949.00		8.8300		4.6890		86.30		0.000179		0.000201		0.000022		0.000026
192		1957.00		1.3500		4.7462		1954.00		8.7600		4.6930		84.70		0.000177		0.000200		0.000022		0.000026
191		1959.00		1.3600		4.7492		1960.00		8.7600		4.6890		84.80		0.000180		0.000201		0.000022		0.000026
190		1965.00		1.3500		4.7506		1964.00		8.7600		4.6980		85.70		0.000179		0.000203		0.000022		0.000026
189		1977.00		1.3500		4.7528		1969.00		8.7600		4.6930		84.90		0.000176		0.000202		0.000022		0.000026
188		1976.00		1.3400		4.7528		1972.00		8.7600		4.6760		84.90		0.000177		0.000198		0.000022		0.000026
187		1978.00		1.3500		4.7528		1976.00		8.7600		4.6850		85.30		0.000176		0.000199		0.000022		0.000026
186		1980.00		1.3400		4.7565		1979.00		8.7600		4.6930		86.00		0.000175		0.000199		0.000022		0.000026
185		1979.00		1.3400		4.7558		1985.00		8.7600		4.6980		84.70		0.000178		0.000200		0.000022		0.000026
184		1991.00		1.3200		4.7580		1990.00		8.7600		4.7100		84.40		0.000176		0.000199		0.000022		0.000026
183		1994.00		1.3200		4.7595		1995.00		8.7600		4.6930		84.20		0.000172		0.000198		0.000023		0.000026
182		2001.00		1.3200		4.7602		1999.00		8.7600		4.6980		85.00		0.000173		0.000197		0.000022		0.000026
181		1999.00		1.3200		4.7617		2004.00		8.7600		4.6930		85.50		0.000174		0.000194		0.000022		0.000026
180		2008.00		1.3100		4.7639		2008.00		8.7600		4.7020		85.00		0.000171		0.000195		0.000022		0.000026
179		2010.00		1.3100		4.7647		2013.00		8.7600		4.6980		85.40		0.000170		0.000195		0.000022		0.000026
178		2017.00		1.3100		4.7661		2019.00		8.7600		4.6980		86.20		0.000173		0.000195		0.000023		0.000026
177		2019.00		1.3100		4.7669		2022.00		8.7600		4.6980		86.40		0.000173		0.000196		0.000022		0.000026
176		2023.00		1.3100		4.7676		2027.00		8.7600		4.6980		86.40		0.000174		0.000196		0.000022		0.000026
175		2024.00		1.3000		4.7698		2033.00		8.7600		4.6980		85.80		0.000175		0.000195		0.000022		0.000026
174		2037.00		1.3000		4.7691		2035.00		8.7600		4.7060		85.40		0.000175		0.000199		0.000022		0.000027
173		2039.00		1.3000		4.7721		2039.00		8.7600		4.6890		85.10		0.000175		0.000195		0.000022		0.000026
172		2048.00		1.2900		4.7743		2045.00		8.7600		4.6980		85.80		0.000172		0.000194		0.000022		0.000026
171		2046.00		1.2800		4.7750		2048.00		8.7600		4.6890		85.20		0.000171		0.000194		0.000022		0.000026
170		2049.00		1.2900		4.7772		2054.00		8.7600		4.7020		84.80		0.000174		0.000194		0.000022		0.000026
169		2059.00		1.2900		4.7794		2058.00		8.7600		4.7060		85.90		0.000172		0.000192		0.000023		0.000026
168		2064.00		1.2800		4.7794		2064.00		8.7600		4.6930		86.10		0.000168		0.000191		0.000022		0.000026
167		2064.00		1.2800		4.7802		2070.00		8.7600		4.6980		85.70		0.000169		0.000193		0.000022		0.000026
166		2079.00		1.2800		4.7831		2075.00		8.8300		4.7060		86.70		0.000170		0.000193		0.000022		0.000026
165		2084.00		1.2600		4.7831		2081.00		8.7600		4.6890		84.90		0.000171		0.000189		0.000022		0.000026
164		2084.00		1.2500		4.7846		2086.00		8.7600		4.6890		85.70		0.000169		0.000190		0.000022		0.000026
163		2094.00		1.2500		4.7846		2091.00		8.7600		4.6980		85.30		0.000169		0.000191		0.000022		0.000026
162		2100.00		1.2500		4.7876		2096.00		8.7600		4.6890		85.00		0.000166		0.000189		0.000022		0.000026
161		2105.00		1.2600		4.7876		2102.00		8.7600		4.6890		85.80		0.000167		0.000189		0.000022		0.000026
160		2101.00		1.2400		4.7905		2108.00		8.7600		4.6890		86.60		0.000167		0.000184		0.000022		0.000026
159		2110.00		1.2400		4.7913		2112.00		8.7600		4.7060		85.20		0.000167		0.000187		0.000022		0.000026
158		2116.00		1.2400		4.7927		2119.00		8.7600		4.7020		85.40		0.000164		0.000186		0.000022		0.000026
157		2122.00		1.2500		4.7942		2123.00		8.7600		4.6980		86.10		0.000163		0.000185		0.000022		0.000026
156		2120.00		1.2300		4.7950		2129.00		8.7600		4.6980		84.90		0.000162		0.000183		0.000022		0.000026
155		2138.00		1.2400		4.7972		2135.00		8.7600		4.7100		86.50		0.000161		0.000182		0.000022		0.000027
154		2139.00		1.2300		4.7979		2139.00		8.7600		4.6890		85.60		0.000162		0.000185		0.000022		0.000026
153		2150.00		1.2300		4.7994		2145.00		8.7600		4.6980		85.00		0.000162		0.000184		0.000022		0.000026
152		2151.00		1.2200		4.8016		2152.00		8.7600		4.6890		84.70		0.000161		0.000181		0.000022		0.000026
151		2153.00		1.2300		4.8009		2157.00		8.7600		4.6980		86.10		0.000160		0.000180		0.000022		0.000026
150		2164.00		1.2200		4.8031		2162.00		8.7600		4.7020		85.10		0.000160		0.000181		0.000022		0.000027
149		2165.00		1.2100		4.8053		2168.00		8.7600		4.6930		85.50		0.000159		0.000179		0.000022		0.000026
148		2165.00		1.2200		4.8075		2173.00		8.7600		4.7020		85.00		0.000158		0.000179		0.000022		0.000026
147		2170.00		1.2200		4.8083		2182.00		8.7600		4.7150		85.20		0.000159		0.000178		0.000022		0.000026
146		2197.00		1.2100		4.8112		2186.00		8.7600		4.7150		85.10		0.000158		0.000176		0.000022		0.000026
145		2194.00		1.2100		4.8090		2190.00		8.7600		4.6720		86.10		0.000156		0.000177		0.000023		0.000026
144		2196.00		1.1900		4.8105		2197.00		8.7600		4.6930		86.10		0.000157		0.000178		0.000022		0.000027
143		2194.00		1.1900		4.8127		2203.00		8.7600		4.7020		86.10		0.000154		0.000176		0.000022		0.000027
142		2208.00		1.1900		4.8134		2210.00		8.7600		4.7150		86.00		0.000157		0.000178		0.000022		0.000027
141		2224.00		1.1900		4.8149		2217.00		8.7600		4.7020		84.50		0.000156		0.000175		0.000022		0.000026
140		2217.00		1.1800		4.8149		2222.00		8.7600		4.6810		85.20		0.000158		0.000179		0.000022		0.000026
139		2225.00		1.1700		4.8171		2228.00		8.7600		4.7020		84.20		0.000156		0.000176		0.000022		0.000026
138		2232.00		1.1900		4.8179		2236.00		8.7600		4.7020		86.70		0.000157		0.000175		0.000022		0.000026
137		2244.00		1.1800		4.8201		2241.00		8.7600		4.7020		84.70		0.000158		0.000176		0.000022		0.000026
136		2254.00		1.1600		4.8201		2249.00		8.7600		4.6930		85.50		0.000157		0.000176		0.000022		0.000026
135		2242.00		1.1600		4.8223		2258.00		8.7600		4.6930		85.10		0.000155		0.000177		0.000022		0.000027
134		2268.00		1.1600		4.8238		2264.00		8.7600		4.7230		85.00		0.000155		0.000174		0.000022		0.000026
133		2281.00		1.1600		4.8238		2271.00		8.7600		4.6890		86.80		0.000153		0.000176		0.000022		0.000026
132		2279.00		1.1500		4.8238		2277.00		8.7600		4.6810		84.00		0.000154		0.000173		0.000022		0.000026
131		2286.00		1.1500		4.8252		2285.00		8.7600		4.6930		84.90		0.000150		0.000173		0.000022		0.000026
130		2291.00		1.1600		4.8267		2293.00		8.7600		4.6980		86.20		0.000153		0.000173		0.000023		0.000026
129		2299.00		1.1500		4.8289		2301.00		8.7600		4.7020		86.10		0.000153		0.000170		0.000022		0.000027
128		2308.00		1.1600		4.8289		2309.00		8.7600		4.7020		85.20		0.000152		0.000169		0.000022		0.000026
127		2319.00		1.1300		4.8304		2315.00		8.7600		4.6980		85.00		0.000149		0.000169		0.000022		0.000026
126		2335.00		1.1300		4.8312		2325.00		8.7600		4.6930		84.80		0.000152		0.000169		0.000022		0.000026
125		2330.00		1.1200		4.8312		2333.00		8.8300		4.6850		85.50		0.000148		0.000169		0.000022		0.000026
124		2330.00		1.1300		4.8334		2342.00		8.7600		4.7060		85.70		0.000150		0.000164		0.000022		0.000026
123		2354.00		1.1200		4.8356		2349.00		8.7600		4.7190		86.10		0.000147		0.000165		0.000022		0.000026
122		2356.00		1.1100		4.8341		2358.00		8.7600		4.6930		85.20		0.000146		0.000162		0.000022		0.000026
121		2366.00		1.1100		4.8371		2364.00		8.7600		4.7020		85.80		0.000145		0.000165		0.000022		0.000026
120		2374.00		1.1200		4.8378		2375.00		8.7600		4.7020		85.70		0.000145		0.000164		0.000022		0.000026
119		2389.00		1.1000		4.8371		2383.00		8.7600		4.7020		84.80		0.000145		0.000162		0.000022		0.000026
118		2396.00		1.1000		4.8371		2395.00		8.7600		4.6930		84.90		0.000145		0.000162		0.000022		0.000026
117		2396.00		1.0900		4.8385		2403.00		8.7600		4.6980		85.00		0.000144		0.000162		0.000022		0.000026
116		2421.00		1.1000		4.8408		2412.00		8.7600		4.7150		84.30		0.000144		0.000160		0.000022		0.000026
115		2421.00		1.0900		4.8400		2422.00		8.7600		4.6850		85.20		0.000140		0.000159		0.000022		0.000026
114		2431.00		1.0900		4.8400		2431.00		8.7600		4.7020		86.80		0.000141		0.000158		0.000022		0.000026
113		2452.00		1.0800		4.8422		2440.00		8.7600		4.7020		85.00		0.000140		0.000161		0.000022		0.000026
112		2451.00		1.0600		4.8415		2451.00		8.7600		4.6890		84.90		0.000141		0.000163		0.000022		0.000026
111		2459.00		1.0600		4.8444		2462.00		8.7600		4.7060		85.90		0.000143		0.000160		0.000022		0.000026
110		2476.00		1.0600		4.8430		2472.00		8.7600		4.7100		84.00		0.000142		0.000160		0.000022		0.000026
109		2478.00		1.0600		4.8437		2480.00		8.7600		4.6930		85.10		0.000143		0.000160		0.000022		0.000026
108		2490.00		1.0600		4.8430		2494.00		8.7000		4.7100		85.70		0.000140		0.000156		0.000022		0.000027
107		2505.00		1.0500		4.8459		2505.00		8.7000		4.7100		84.10		0.000138		0.000154		0.000022		0.000026
106		2515.10		1.0500		4.8452		2516.60		8.7600		4.7061		84.40		0.000138		0.000154		0.000022		0.000026
105		2532.90		1.0500		4.8467		2528.80		8.7600		4.7061		85.40		0.000137		0.000156		0.000022		0.000026
104		2536.00		1.0300		4.8467		2541.70		8.7600		4.6976		85.00		0.000135		0.000153		0.000022		0.000026
103		2541.70		1.0200		4.8481		2550.50		8.7600		4.7104		85.40		0.000134		0.000153		0.000022		0.000026
102		2551.50		1.0200		4.8467		2562.50		8.7000		4.7189		84.90		0.000136		0.000154		0.000022		0.000026
101		2576.30		1.0000		4.8481		2574.70		8.8300		4.7273		85.40		0.000133		0.000152		0.000022		0.000026
100		2581.00		1.0200		4.8481		2590.10		8.7600		4.7104		84.90		0.000132		0.000148		0.000022		0.000026
99		2603.60		1.0000		4.8481		2604.10		8.7600		4.7231		84.70		0.000128		0.000149		0.000022		0.000026
98		2619.40		1.0000		4.8489		2618.30		8.8300		4.7104		84.70		0.000132		0.000148		0.000022		0.000026
97		2617.70		1.0000		4.8496		2627.70		8.7600		4.6976		85.70		0.000132		0.000147		0.000022		0.000026
96		2632.70		0.9900		4.8504		2642.70		8.7000		4.7231		83.50		0.000130		0.000143		0.000022		0.000026
95		2633.20		0.9900		4.8504		2657.80		8.7600		4.7189		86.70		0.000127		0.000144		0.000022		0.000026
94		2685.20		0.9800		4.8511		2670.90		8.7600		4.7443		86.30		0.000130		0.000144		0.000022		0.000026
93		2678.40		0.9800		4.8481		2687.60		8.7600		4.6891		85.80		0.000128		0.000139		0.000022		0.000026
92		2698.60		0.9700		4.8504		2701.50		8.7600		4.7231		86.70		0.000126		0.000140		0.000022		0.000026
91		2709.70		0.9700		4.8504		2712.60		8.7000		4.7061		85.80		0.000124		0.000139		0.000022		0.000026
90		2725.60		0.9600		4.8496		2729.20		8.7600		4.7189		84.70		0.000123		0.000140		0.000022		0.000026
89		2736.40		0.9600		4.8511		2746.00		8.7000		4.7189		86.10		0.000126		0.000139		0.000022		0.000026
88		2762.40		0.9500		4.8504		2763.00		8.7000		4.7273		86.40		0.000124		0.000139		0.000022		0.000026
87		2782.70		0.9500		4.8511		2782.10		8.7000		4.7146		85.70		0.000123		0.000137		0.000022		0.000026
86		2800.10		0.9200		4.8504		2798.90		8.7600		4.7104		86.80		0.000124		0.000138		0.000022		0.000026
85		2819.10		0.9300		4.8511		2814.00		8.7000		4.7104		82.70		0.000122		0.000139		0.000022		0.000026
84		2828.70		0.9200		4.8496		2824.20		8.7000		4.6976		84.00		0.000119		0.000138		0.000022		0.000027
83		2831.90		0.9100		4.8518		2842.80		8.7000		4.7104		86.50		0.000120		0.000133		0.000022		0.000026
82		2867.00		0.9100		4.8518		2860.40		8.7000		4.7316		86.40		0.000120		0.000132		0.000022		0.000026
81		2899.60		0.9100		4.8496		2881.50		8.7000		4.7061		86.60		0.000119		0.000133		0.000022		0.000027
80		2904.30		0.8900		4.8504		2900.20		8.7000		4.6891		86.20		0.000119		0.000136		0.000022		0.000026
79		2913.80		0.9000		4.8504		2923.30		8.7000		4.7146		86.00		0.000117		0.000128		0.000022		0.000026
78		2929.50		0.8900		4.8511		2931.50		8.7600		4.7104		85.30		0.000117		0.000130		0.000022		0.000027
77		2947.40		0.8900		4.8518		2948.80		8.7000		4.7189		87.00		0.000115		0.000128		0.000022		0.000026
76		2957.20		0.8600		4.8526		2973.40		8.7000		4.7231		86.90		0.000115		0.000125		0.000022		0.000026
75		3002.00		0.8600		4.8511		2995.00		8.7000		4.7358		85.20		0.000111		0.000126		0.000022		0.000027
74		3006.00		0.8600		4.8504		3016.00		8.7000		4.7104		86.80		0.000109		0.000127		0.000022		0.000026
73		3038.00		0.8600		4.8511		3040.00		8.7000		4.7316		85.80		0.000110		0.000124		0.000022		0.000026
72		3055.00		0.8600		4.8504		3047.00		8.7000		4.6976		83.00		0.000107		0.000119		0.000022		0.000027
71		3072.00		0.8600		4.8481		3070.00		8.7000		4.7061		85.20		0.000107		0.000120		0.000022		0.000027
70		3109.00		0.8400		4.8504		3091.00		8.7000		4.7146		86.40		0.000107		0.000119		0.000022		0.000027
69		3119.00		0.8400		4.8481		3114.00		8.7000		4.6976		86.40		0.000107		0.000123		0.000022		0.000027
68		3141.00		0.8200		4.8496		3141.00		8.7000		4.7146		86.70		0.000108		0.000122		0.000022		0.000027
67		3162.00		0.8300		4.8504		3164.00		8.7000		4.7146		85.10		0.000108		0.000120		0.000022		0.000026
66		3153.00		0.8300		4.8496		3176.00		8.7000		4.7019		84.50		0.000110		0.000121		0.000022		0.000027
65		3201.00		0.8200		4.8496		3199.00		8.7000		4.7486		85.50		0.000107		0.000119		0.000022		0.000027
64		3236.00		0.8000		4.8489		3225.00		8.7000		4.7189		87.10		0.000103		0.000117		0.000022		0.000027
63		3243.00		0.7900		4.8481		3253.00		8.7000		4.7061		87.30		0.000106		0.000115		0.000022		0.000027
62		3279.00		0.7900		4.8489		3277.00		8.7000		4.7316		85.40		0.000102		0.000116		0.000022		0.000027
61		3327.00		0.7900		4.8474		3306.00		8.7000		4.7189		85.20		0.000102		0.000116		0.000022		0.000027
60		3322.00		0.7900		4.8459		3310.00		8.7000		4.6679		85.20		0.000098		0.000111		0.000022		0.000027
59		3343.00		0.7800		4.8474		3340.00		8.7000		4.7061		85.50		0.000098		0.000109		0.000022		0.000027
58		3379.00		0.7700		4.8467		3367.00		8.7000		4.7189		83.30		0.000098		0.000107		0.000022		0.000027
57		3401.00		0.7600		4.8474		3395.00		8.7000		4.7104		85.50		0.000097		0.000112		0.000022		0.000027
56		3407.00		0.7600		4.8467		3427.00		8.7000		4.7146		85.20		0.000096		0.000110		0.000022		0.000027
55		3465.00		0.7400		4.8474		3457.00		8.7000		4.7443		85.20		0.000095		0.000107		0.000022		0.000027
54		3424.00		0.7400		4.8452		3462.00		8.7000		4.6806		84.90		0.000095		0.000105		0.000022		0.000027
53		3499.00		0.7400		4.8489		3490.00		8.7000		4.7613		84.00		0.000093		0.000105		0.000022		0.000027
52		3531.00		0.7300		4.8467		3522.00		8.7000		4.7146		85.60		0.000095		0.000102		0.000022		0.000027
51		3590.00		0.7300		4.8467		3555.00		8.8300		4.7104		84.80		0.000091		0.000102		0.000022		0.000027
50		3585.00		0.7100		4.8452		3589.00		8.7000		4.6891		85.80		0.000091		0.000103		0.000022		0.000027
49		3615.00		0.7200		4.8467		3622.00		8.7000		4.7273		85.90		0.000091		0.000105		0.000022		0.000027
48		3626.00		0.7100		4.8437		3628.00		8.7000		4.6976		83.50		0.000093		0.000104		0.000022		0.000027
47		3675.00		0.7100		4.8445		3662.00		8.5600		4.7273		85.00		0.000093		0.000102		0.000022		0.000027
46		3693.00		0.7000		4.8445		3690.00		8.7000		4.7019		85.10		0.000091		0.000100		0.000022		0.000027
45		3719.00		0.6900		4.8445		3717.00		8.7000		4.7146		84.00		0.000088		0.000102		0.000022		0.000027
44		3768.00		0.6900		4.8452		3759.00		8.7000		4.7316		84.60		0.000090		0.000097		0.000022		0.000027
43		3775.00		0.6700		4.8430		3800.00		8.7000		4.7231		86.00		0.000087		0.000097		0.000022		0.000027
42		3779.00		0.6600		4.8445		3797.00		8.7000		4.7104		85.00		0.000085		0.000097		0.000022		0.000027
41		3843.00		0.6600		4.8437		3838.00		8.7000		4.7443		84.20		0.000086		0.000095		0.000022		0.000027
40		3870.00		0.6600		4.8437		3876.00		8.7000		4.7230		84.40		0.000085		0.000096		0.000022		0.000027
39		3946.00		0.6500		4.8437		3918.00		8.7000		4.7360		82.40		0.000082		0.000094		0.000022		0.000027
38		4009.00		0.6600		4.8422		3963.00		8.7000		4.7020		83.60		0.000082		0.000089		0.000022		0.000028
37		4023.00		0.6400		4.8408		4005.00		8.7000		4.6850		84.70		0.000082		0.000090		0.000022		0.000027
36		3982.00		0.6400		4.8393		3988.00		8.7000		4.6550		84.70		0.000082		0.000091		0.000022		0.000028
35		4006.00		0.6400		4.8430		4036.00		8.7000		4.7440		82.40		0.000077		0.000091		0.000022		0.000028
34		4072.00		0.6400		4.8444		4080.00		8.7000		4.7610		84.90		0.000077		0.000086		0.000022		0.000028
33		4132.00		0.6300		4.8415		4130.00		8.7000		4.7440		83.40		0.000078		0.000084		0.000022		0.000028
32		4171.00		0.6100		4.8422		4178.00		8.7000		4.7320		83.70		0.000074		0.000085		0.000022		0.000028
31		4216.00		0.6000		4.8422		4226.00		8.7000		4.7400		85.70		0.000076		0.000084		0.000022		0.000028
30		4205.00		0.6000		4.8408		4193.00		8.7000		4.6640		83.60		0.000076		0.000085		0.000022		0.000028
29		4269.00		0.5900		4.8415		4247.00		8.7000		4.7270		82.70		0.000076		0.000086		0.000022		0.000029
28		4276.00		0.5900		4.8393		4297.00		8.7000		4.7100		83.60		0.000074		0.000088		0.000022		0.000028
27		4340.00		0.5900		4.8408		4351.00		8.7000		4.7490		84.70		0.000075		0.000084		0.000022		0.000028
26		4377.00		0.5700		4.8408		4405.00		8.7000		4.7400		86.10		0.000074		0.000081		0.000022		0.000028
25		4453.00		0.5800		4.8400		4464.00		8.7000		4.7660		82.10		0.000073		0.000083		0.000022		0.000028
24		4417.00		0.5800		4.8341		4450.00		8.7000		4.6850		82.60		0.000073		0.000079		0.000022		0.000029
23		4562.00		0.5400		4.8348		4536.00		8.7000		4.7950		84.30		0.000070		0.000076		0.000022		0.000029
22		4626.00		0.5400		4.8319		4636.00		8.7000		4.7490		83.60		0.000068		0.000076		0.000022		0.000029
21		4666.00		0.5300		4.8297		4736.00		8.7000		4.7830		83.40		0.000067		0.000071		0.000022		0.000029
20		4826.00		0.5200		4.8289		4837.00		8.7000		4.8290		83.40		0.000065		0.000068		0.000022		0.000029
19		4947.00		0.5100		4.8245		4947.00		8.7000		4.7870		82.50		0.000062		0.000069		0.000022		0.000029
18		4980.00		0.5200		4.8186		4925.00		8.7000		4.6720		83.20		0.000064		0.000070		0.000023		0.000030
17		5020.00		0.5100		4.8171		5042.00		8.7000		4.7360		82.70		0.000058		0.000070		0.000023		0.000030
16		5153.00		0.5000		4.8164		5166.00		8.7000		4.8038		82.40		0.000060		0.000065		0.000023		0.000030
15		5291.00		0.4600		4.8105		5306.00		8.7000		4.8038		87.60		0.000058		0.000065		0.000023		0.000030
14		5476.00		0.4500		4.8097		5449.00		8.7000		4.8038		83.60		0.000060		0.000066		0.000023		0.000029
13		5570.00		0.4300		4.8009		5594.00		8.7000		4.6127		81.70		0.000055		0.000062		0.000023		0.000029
12		5326.00		0.4700		4.7950		5374.00		8.7000		4.5448		84.40		0.000055		0.000066		0.000024		0.000031
11		5421.00		0.4600		4.8016		5527.00		8.7000		4.8293		82.30		0.000057		0.000063		0.000024		0.000031
10		5612.00		0.4400		4.8016		5699.00		8.7000		4.8590		87.80		0.000059		0.000064		0.000024		0.000030
9		5802.00		0.4400		4.7987		5884.00		8.7000		4.8420		85.50		0.000055		0.000059		0.000024		0.000030
8		6020.00		0.4300		4.7979		6069.00		8.7000		4.8420		88.20		0.000054		0.000055		0.000024		0.000030
7		6263.00		0.4000		4.7950		6281.00		8.7000		4.8250		86.10		0.000056		0.000055		0.000024		0.000030
6		5138.00		0.5000		4.7824		5142.00		8.7000		4.5830		87.50		0.000060		0.000068		0.000028		0.000036
5		5349.00		0.4700		4.7868		5360.00		8.7000		4.8420		88.50		0.000057		0.000068		0.000028		0.000035
4		5548.00		0.4500		4.7846		5609.00		8.7000		4.8505		87.70		0.000055		0.000065		0.000027		0.000034
3		5899.00		0.4300		4.7846		5884.00		8.7600		4.8760		85.30		0.000050		0.000057		0.000027		0.000033
2		6190.00		0.3900		4.7802		6185.00		8.7000		4.8462		87.50		0.000045		0.000052		0.000026		0.000032
1		6468.00		0.3700		4.7802		6551.00		8.7000		4.5660		86.20		0.000038		0.000044		0.000025		0.000031
0		7001.00		0.3400		4.7765		6964.00		8.7000		4.4768		84.70		0.000035		0.000046		0.000025		0.000030
