R1	Freq_tr(Hz)	V_tr(V)	DC_tr(V)	Freq_sq(Hz)	V_sq(V)	DC_sq(V)	Phase(deg)	rise_tr(s)	fall_tr(s)	rise_sq(s)	fall_sq(s)
255	1727.50	1.5300	4.6491	1727.00	92.0000	51.5400	85.90	0.000211	0.000236	0.000022	0.000024
254	1734.20	1.5300	4.6491	1728.20	90.0000	51.6600	86.10	0.000205	0.000234	0.000022	0.000024
253	1732.30	1.5300	4.6503	1730.80	92.0000	51.6600	85.80	0.000204	0.000234	0.000022	0.000024
252	1734.20	1.5500	4.6503	1736.40	92.0000	51.7900	85.70	0.000203	0.000235	0.000022	0.000025
251	1733.20	1.5500	4.6528	1740.00	90.0000	51.7900	86.70	0.000206	0.000238	0.000022	0.000024
250	1740.90	1.5500	4.6566	1741.70	90.0000	51.7900	85.60	0.000202	0.000234	0.000022	0.000025
249	1747.30	1.5500	4.6566	1745.10	90.0000	51.9100	85.70	0.000206	0.000232	0.000022	0.000024
248	1746.30	1.5300	4.6591	1748.50	90.0000	51.9100	84.00	0.000210	0.000234	0.000022	0.000024
247	1749.00	1.5300	4.6604	1751.20	90.0000	51.9100	86.30	0.000203	0.000229	0.000022	0.000024
246	1758.30	1.5300	4.6629	1752.20	92.0000	52.0400	85.80	0.000202	0.000230	0.000021	0.000025
245	1758.60	1.5100	4.6616	1758.80	90.0000	52.0400	85.00	0.000198	0.000230	0.000022	0.000024
244	1755.90	1.5300	4.6641	1759.80	92.0000	52.0400	86.40	0.000199	0.000230	0.000022	0.000024
243	1761.30	1.5300	4.6666	1763.00	90.0000	51.9100	87.30	0.000201	0.000232	0.000022	0.000024
242	1769.00	1.5300	4.6704	1768.30	90.0000	52.0400	87.00	0.000203	0.000231	0.000022	0.000024
241	1774.30	1.5100	4.6692	1770.30	92.0000	52.0400	88.20	0.000199	0.000229	0.000022	0.000024
240	1777.10	1.5300	4.6704	1775.60	90.0000	51.9100	86.00	0.000200	0.000230	0.000022	0.000024
239	1777.80	1.5100	4.6729	1777.30	92.0000	51.7900	84.90	0.000199	0.000223	0.000022	0.000025
238	1792.10	1.5100	4.6742	1780.60	90.0000	51.7900	86.30	0.000200	0.000226	0.000022	0.000024
237	1783.20	1.5100	4.6767	1785.70	92.0000	51.6600	86.00	0.000197	0.000221	0.000022	0.000024
236	1786.20	1.5100	4.6767	1789.00	92.0000	51.6600	86.10	0.000196	0.000228	0.000021	0.000025
235	1797.80	1.5300	4.6792	1791.10	92.0000	51.5400	85.80	0.000198	0.000222	0.000022	0.000024
234	1795.20	1.4700	4.6817	1797.00	90.0000	51.4100	84.20	0.000196	0.000226	0.000021	0.000024
233	1792.40	1.4900	4.6817	1797.30	92.0000	51.4100	86.50	0.000195	0.000224	0.000022	0.000025
232	1797.30	1.5100	4.6842	1801.70	90.0000	51.2800	85.70	0.000196	0.000222	0.000022	0.000024
231	1806.90	1.4900	4.6842	1807.40	92.0000	51.1600	84.90	0.000197	0.000224	0.000022	0.000024
230	1803.00	1.4900	4.6867	1810.50	90.0000	51.1600	83.50	0.000194	0.000223	0.000022	0.000025
229	1812.40	1.4900	4.6893	1814.50	90.0000	51.0300	85.30	0.000197	0.000221	0.000022	0.000023
228	1824.00	1.4700	4.6905	1817.40	90.0000	50.9100	85.10	0.000197	0.000221	0.000022	0.000025
227	1819.50	1.4900	4.6930	1818.20	92.0000	50.7800	85.20	0.000193	0.000214	0.000022	0.000025
226	1819.00	1.4500	4.6943	1823.20	90.0000	50.7800	85.90	0.000192	0.000217	0.000021	0.000024
225	1819.80	1.4700	4.6955	1828.00	90.0000	50.6600	86.20	0.000193	0.000219	0.000022	0.000024
224	1829.60	1.4700	4.6981	1829.10	92.0000	50.6600	86.10	0.000188	0.000218	0.000022	0.000025
223	1835.80	1.4700	4.6993	1833.40	92.0000	50.4000	86.40	0.000193	0.000221	0.000022	0.000025
222	1841.20	1.4700	4.7018	1839.30	92.0000	50.2800	84.30	0.000185	0.000219	0.000022	0.000025
221	1839.00	1.4700	4.7006	1843.40	90.0000	50.2800	83.90	0.000193	0.000211	0.000022	0.000024
220	1847.50	1.4500	4.7043	1845.00	90.0000	50.1500	86.60	0.000188	0.000214	0.000022	0.000025
219	1852.40	1.4500	4.7043	1850.80	90.0000	50.0300	84.80	0.000192	0.000211	0.000022	0.000024
218	1852.90	1.4300	4.7068	1851.30	92.0000	49.9000	86.20	0.000189	0.000216	0.000021	0.000024
217	1854.60	1.4500	4.7094	1859.30	92.0000	49.7800	84.10	0.000190	0.000213	0.000021	0.000024
216	1862.60	1.4300	4.7094	1860.70	90.0000	49.6500	84.90	0.000188	0.000215	0.000022	0.000025
215	1862.60	1.4300	4.7106	1864.80	92.0000	49.6500	85.20	0.000189	0.000212	0.000022	0.000025
214	1869.30	1.4500	4.7106	1868.70	90.0000	49.5300	86.00	0.000186	0.000212	0.000021	0.000024
213	1870.40	1.4100	4.7131	1871.30	90.0000	49.4000	86.60	0.000187	0.000210	0.000022	0.000025
212	1878.60	1.4500	4.7169	1877.70	92.0000	49.2700	86.30	0.000187	0.000213	0.000022	0.000024
211	1877.40	1.4300	4.7182	1880.50	90.0000	49.2700	85.90	0.000189	0.000214	0.000022	0.000024
210	1890.80	1.4300	4.7194	1885.10	92.0000	49.1500	86.40	0.000184	0.000210	0.000022	0.000025
209	1893.90	1.4300	4.7207	1886.80	90.0000	49.0200	86.20	0.000185	0.000209	0.000022	0.000024
208	1891.90	1.4100	4.7219	1891.40	90.0000	48.9000	86.50	0.000183	0.000212	0.000021	0.000025
207	1890.80	1.4100	4.7232	1895.10	92.0000	48.7700	83.60	0.000185	0.000210	0.000022	0.000025
206	1902.00	1.4100	4.7244	1898.80	92.0000	48.6500	86.70	0.000186	0.000209	0.000021	0.000025
205	1898.00	1.3900	4.7257	1903.70	92.0000	48.5200	84.10	0.000188	0.000213	0.000022	0.000025
204	1895.70	1.4100	4.7295	1908.40	92.0000	48.5200	84.60	0.000185	0.000213	0.000021	0.000025
203	1917.50	1.4100	4.7295	1911.90	92.0000	48.3900	84.90	0.000187	0.000213	0.000022	0.000024
202	1920.40	1.3700	4.7320	1918.60	92.0000	48.2700	84.70	0.000186	0.000210	0.000022	0.000024
201	1926.90	1.4100	4.7332	1921.00	90.0000	48.1400	85.40	0.000183	0.000210	0.000022	0.000024
200	1926.00	1.4100	4.7332	1926.30	92.0000	48.0200	86.80	0.000182	0.000209	0.000022	0.000024
199	1929.30	1.3700	4.7345	1929.00	90.0000	47.8900	85.60	0.000187	0.000210	0.000022	0.000025
198	1925.20	1.3900	4.7370	1932.90	90.0000	47.8900	85.10	0.000186	0.000209	0.000022	0.000025
197	1939.20	1.4100	4.7395	1939.20	92.0000	47.7700	86.00	0.000185	0.000211	0.000022	0.000025
196	1941.30	1.3900	4.7408	1941.90	92.0000	47.6400	85.60	0.000183	0.000211	0.000022	0.000025
195	1954.30	1.3900	4.7420	1946.10	92.0000	47.5200	85.10	0.000185	0.000212	0.000022	0.000024
194	1955.00	1.3500	4.7420	1952.50	92.0000	47.5200	86.80	0.000180	0.000201	0.000022	0.000025
193	1950.40	1.3500	4.7433	1951.90	92.0000	47.3900	85.80	0.000181	0.000205	0.000022	0.000025
192	1949.20	1.3700	4.7445	1959.60	92.0000	47.2600	87.40	0.000177	0.000211	0.000022	0.000025
191	1964.20	1.3700	4.7458	1963.20	92.0000	47.1400	86.60	0.000180	0.000206	0.000022	0.000024
190	1966.30	1.3700	4.7458	1968.50	90.0000	47.0100	85.30	0.000177	0.000204	0.000022	0.000025
189	1972.50	1.3700	4.7496	1970.40	90.0000	46.8900	84.40	0.000186	0.000202	0.000022	0.000024
188	1985.10	1.3700	4.7508	1978.20	92.0000	46.8900	83.80	0.000179	0.000208	0.000021	0.000024
187	1989.50	1.3700	4.7496	1981.60	90.0000	46.7600	85.10	0.000180	0.000201	0.000022	0.000024
186	1992.30	1.3300	4.7521	1984.40	92.0000	46.5100	85.40	0.000179	0.000200	0.000022	0.000025
185	1997.10	1.3500	4.7533	1989.50	90.0000	46.5100	84.70	0.000179	0.000205	0.000021	0.000025
184	1997.40	1.3500	4.7546	1994.30	90.0000	46.3800	85.00	0.000177	0.000197	0.000022	0.000025
183	2002.90	1.3300	4.7558	2000.00	90.0000	46.2600	85.40	0.000173	0.000199	0.000021	0.000025
182	2003.80	1.3300	4.7571	2003.20	92.0000	46.1300	86.00	0.000172	0.000203	0.000022	0.000024
181	2011.60	1.3100	4.7584	2008.40	90.0000	46.1300	86.10	0.000176	0.000197	0.000022	0.000024
180	2023.00	1.3100	4.7609	2011.90	90.0000	46.0100	85.90	0.000174	0.000199	0.000022	0.000025
179	2025.90	1.3300	4.7609	2016.10	90.0000	45.8800	84.20	0.000172	0.000196	0.000022	0.000025
178	2020.70	1.3300	4.7634	2020.70	90.0000	45.7600	86.20	0.000173	0.000198	0.000022	0.000025
177	2025.60	1.3300	4.7646	2024.30	92.0000	45.7600	87.40	0.000173	0.000197	0.000022	0.000025
176	2037.50	1.3100	4.7659	2030.20	90.0000	45.5100	85.00	0.000171	0.000196	0.000022	0.000025
175	2038.80	1.3100	4.7659	2035.80	92.0000	45.5100	87.30	0.000172	0.000199	0.000022	0.000025
174	2045.50	1.3300	4.7671	2041.10	90.0000	45.3800	85.40	0.000171	0.000190	0.000022	0.000025
173	2044.50	1.3100	4.7684	2046.50	90.0000	45.2500	85.10	0.000171	0.000198	0.000022	0.000024
172	2045.50	1.2900	4.7709	2051.20	90.0000	45.1300	84.40	0.000169	0.000191	0.000022	0.000024
171	2065.40	1.2900	4.7709	2058.00	92.0000	45.0000	85.30	0.000169	0.000192	0.000022	0.000025
170	2063.00	1.2900	4.7709	2061.00	92.0000	44.8800	86.00	0.000168	0.000193	0.000022	0.000025
169	2065.80	1.2900	4.7747	2066.80	92.0000	44.7500	86.40	0.000170	0.000191	0.000021	0.000024
168	2077.40	1.3100	4.7734	2067.80	90.0000	44.7500	86.30	0.000164	0.000188	0.000022	0.000025
167	2081.60	1.2900	4.7747	2077.10	92.0000	44.6300	87.10	0.000172	0.000189	0.000022	0.000025
166	2080.60	1.2900	4.7772	2080.90	92.0000	44.5000	87.00	0.000166	0.000190	0.000022	0.000025
165	2080.20	1.2900	4.7772	2083.30	90.0000	44.3700	86.50	0.000168	0.000186	0.000022	0.000025
164	2081.90	1.2700	4.7785	2092.10	90.0000	44.2500	86.20	0.000167	0.000192	0.000022	0.000025
163	2091.70	1.2700	4.7797	2093.50	90.0000	44.2500	87.00	0.000163	0.000187	0.000022	0.000025
162	2101.50	1.2700	4.7797	2100.10	92.0000	44.1200	85.50	0.000164	0.000189	0.000022	0.000024
161	2104.00	1.2700	4.7810	2101.50	90.0000	44.0000	86.60	0.000166	0.000188	0.000021	0.000025
160	2110.10	1.2500	4.7835	2111.50	92.0000	43.8700	84.30	0.000162	0.000190	0.000022	0.000025
159	2103.30	1.2500	4.7835	2117.20	90.0000	43.7500	84.80	0.000164	0.000188	0.000022	0.000025
158	2121.50	1.2500	4.7835	2119.40	90.0000	43.6200	84.70	0.000164	0.000183	0.000022	0.000024
157	2124.00	1.2500	4.7860	2129.10	92.0000	43.5000	85.00	0.000159	0.000182	0.000021	0.000025
156	2128.40	1.2500	4.7872	2130.60	90.0000	43.3700	85.70	0.000160	0.000181	0.000022	0.000025
155	2138.90	1.2500	4.7885	2138.60	92.0000	43.2400	85.70	0.000160	0.000183	0.000022	0.000024
154	2149.60	1.2500	4.7872	2144.80	92.0000	43.1200	85.80	0.000161	0.000181	0.000022	0.000025
153	2148.50	1.2500	4.7898	2148.50	92.0000	43.1200	86.70	0.000162	0.000182	0.000022	0.000025
152	2157.40	1.2500	4.7910	2155.90	90.0000	42.9900	87.00	0.000156	0.000179	0.000022	0.000024
151	2161.10	1.2300	4.7910	2161.90	92.0000	42.8700	86.80	0.000158	0.000179	0.000021	0.000025
150	2160.40	1.2300	4.7935	2167.90	90.0000	42.7400	86.00	0.000158	0.000178	0.000022	0.000025
149	2170.10	1.2300	4.7948	2171.60	92.0000	42.7400	85.60	0.000157	0.000178	0.000022	0.000025
148	2183.80	1.2300	4.7948	2180.40	90.0000	42.6200	86.30	0.000156	0.000180	0.000022	0.000025
147	2183.00	1.2300	4.7960	2184.20	90.0000	42.4900	86.20	0.000158	0.000181	0.000022	0.000024
146	2190.30	1.2100	4.7973	2188.40	90.0000	42.3600	87.60	0.000158	0.000178	0.000022	0.000025
145	2187.60	1.2100	4.7986	2196.10	92.0000	42.3600	84.50	0.000159	0.000181	0.000022	0.000025
144	2196.80	1.2100	4.7986	2201.90	90.0000	42.3600	84.00	0.000159	0.000180	0.000022	0.000025
143	2206.10	1.2100	4.7986	2208.50	90.0000	42.3600	85.20	0.000158	0.000181	0.000022	0.000024
142	2203.40	1.1900	4.8011	2214.30	90.0000	42.3600	84.30	0.000157	0.000180	0.000021	0.000025
141	2225.00	1.2100	4.7998	2223.00	90.0000	42.2400	84.10	0.000158	0.000179	0.000021	0.000025
140	2230.20	1.2100	4.8023	2229.00	90.0000	42.2400	85.60	0.000157	0.000177	0.000022	0.000025
139	2238.50	1.1900	4.8023	2234.50	90.0000	42.2400	85.70	0.000159	0.000180	0.000021	0.000025
138	2246.20	1.1900	4.8036	2242.60	90.0000	42.3600	85.90	0.000155	0.000180	0.000022	0.000025
137	2246.20	1.1900	4.8061	2246.20	90.0000	42.3600	86.50	0.000159	0.000181	0.000022	0.000025
136	2252.30	1.1900	4.8061	2255.10	90.0000	42.3600	85.80	0.000157	0.000179	0.000022	0.000025
135	2262.00	1.1900	4.8061	2263.30	90.0000	42.3600	86.30	0.000160	0.000181	0.000022	0.000025
134	2264.10	1.1700	4.8099	2269.80	90.0000	42.3600	83.00	0.000152	0.000181	0.000022	0.000025
133	2264.90	1.1700	4.8099	2276.00	90.0000	42.6200	85.80	0.000152	0.000176	0.000022	0.000025
132	2278.90	1.1700	4.8124	2281.00	90.0000	42.6200	86.80	0.000151	0.000170	0.000022	0.000024
131	2285.20	1.1700	4.8124	2288.50	90.0000	42.6200	84.40	0.000150	0.000173	0.000022	0.000025
130	2299.10	1.1700	4.8149	2296.90	90.0000	42.7400	83.30	0.000153	0.000173	0.000022	0.000025
129	2308.00	1.1700	4.8161	2304.10	90.0000	42.8700	86.60	0.000150	0.000177	0.000022	0.000025
128	2305.80	1.1500	4.8174	2314.80	92.0000	42.9900	84.10	0.000154	0.000171	0.000021	0.000025
127	2319.10	1.1300	4.8187	2322.60	90.0000	43.1200	86.40	0.000151	0.000173	0.000022	0.000025
126	2324.70	1.1500	4.8212	2328.20	90.0000	43.2400	85.50	0.000147	0.000167	0.000022	0.000025
125	2342.60	1.1700	4.8212	2336.40	92.0000	43.5000	85.10	0.000151	0.000169	0.000022	0.000025
124	2352.30	1.1300	4.8224	2346.10	90.0000	43.5000	83.80	0.000145	0.000167	0.000021	0.000025
123	2363.40	1.1300	4.8237	2354.50	90.0000	43.7500	85.10	0.000152	0.000165	0.000022	0.000025
122	2356.30	1.1300	4.8237	2360.30	92.0000	43.8700	85.50	0.000149	0.000166	0.000022	0.000025
121	2365.60	1.1300	4.8249	2369.20	90.0000	44.0000	85.00	0.000146	0.000165	0.000022	0.000025
120	2367.40	1.1300	4.8274	2379.60	92.0000	44.1200	85.60	0.000147	0.000168	0.000022	0.000025
119	2382.30	1.1100	4.8274	2388.20	90.0000	44.3700	84.40	0.000145	0.000165	0.000022	0.000025
118	2403.40	1.1100	4.8287	2398.80	90.0000	44.5000	84.90	0.000143	0.000163	0.000022	0.000025
117	2409.90	1.1300	4.8300	2405.70	90.0000	44.6300	84.80	0.000144	0.000161	0.000022	0.000025
116	2396.90	1.1100	4.8300	2415.00	90.0000	44.7500	85.60	0.000144	0.000165	0.000022	0.000025
115	2430.50	1.0900	4.8325	2428.60	90.0000	45.0000	85.90	0.000139	0.000160	0.000022	0.000025
114	2440.00	1.0900	4.8325	2435.70	90.0000	45.1300	86.10	0.000142	0.000165	0.000022	0.000025
113	2442.40	1.1100	4.8350	2447.60	92.0000	45.3800	85.90	0.000143	0.000156	0.000022	0.000025
112	2454.30	1.0700	4.8362	2452.40	92.0000	45.5100	83.40	0.000141	0.000156	0.000022	0.000025
111	2468.90	1.0700	4.8362	2464.00	90.0000	45.6300	85.20	0.000137	0.000157	0.000022	0.000025
110	2484.60	1.0700	4.8375	2479.20	90.0000	45.8800	86.10	0.000136	0.000156	0.000022	0.000024
109	2484.10	1.0700	4.8388	2487.10	92.0000	46.0100	86.30	0.000138	0.000155	0.000022	0.000025
108	2485.60	1.0700	4.8413	2499.00	92.0000	46.2600	86.70	0.000137	0.000156	0.000022	0.000025
107	2503.00	1.0700	4.8413	2508.00	90.0000	46.3800	86.60	0.000139	0.000156	0.000021	0.000025
106	2512.60	1.0700	4.8413	2520.20	90.0000	46.6400	83.60	0.000137	0.000157	0.000022	0.000025
105	2527.80	1.0500	4.8425	2532.90	92.0000	46.7600	83.60	0.000132	0.000144	0.000022	0.000025
104	2539.60	1.0300	4.8425	2543.80	90.0000	46.8900	86.60	0.000134	0.000152	0.000022	0.000025
103	2557.80	1.0300	4.8438	2556.20	90.0000	47.1400	85.50	0.000132	0.000154	0.000022	0.000025
102	2573.60	1.0300	4.8450	2570.40	90.0000	47.3900	85.80	0.000129	0.000149	0.000022	0.000025
101	2579.40	1.0300	4.8463	2581.00	90.0000	47.5200	87.10	0.000129	0.000149	0.000021	0.000025
100	2579.40	1.0300	4.8463	2596.60	90.0000	47.7700	85.80	0.000132	0.000148	0.000022	0.000025
99	2599.80	1.0300	4.8475	2608.50	90.0000	47.8900	83.00	0.000131	0.000147	0.000022	0.000025
98	2627.20	1.0300	4.8488	2624.40	90.0000	48.0200	84.10	0.000128	0.000148	0.000022	0.000025
97	2625.50	1.0100	4.8501	2634.40	90.0000	48.2700	82.90	0.000132	0.000146	0.000022	0.000025
96	2652.20	1.0100	4.8513	2644.40	90.0000	48.5200	85.10	0.000129	0.000148	0.000022	0.000025
95	2665.20	0.9800	4.8513	2662.40	90.0000	48.6500	85.50	0.000129	0.000149	0.000022	0.000025
94	2676.70	0.9800	4.8526	2676.10	90.0000	48.9000	84.30	0.000130	0.000149	0.000022	0.000025
93	2692.20	0.9800	4.8526	2691.60	90.0000	49.0200	86.50	0.000131	0.000146	0.000022	0.000025
92	2702.70	0.9600	4.8538	2709.70	90.0000	49.0200	85.00	0.000128	0.000144	0.000022	0.000025
91	2720.30	0.9600	4.8551	2718.00	90.0000	49.1500	83.20	0.000128	0.000146	0.000021	0.000025
90	2736.40	0.9600	4.8538	2733.40	90.0000	49.1500	84.80	0.000127	0.000144	0.000022	0.000025
89	2763.70	0.9600	4.8538	2750.90	90.0000	49.1500	86.40	0.000128	0.000142	0.000022	0.000025
88	2780.90	0.9400	4.8551	2764.90	90.0000	49.0200	84.70	0.000126	0.000139	0.000022	0.000025
87	2787.70	0.9400	4.8551	2785.80	90.0000	48.9000	82.80	0.000123	0.000141	0.000022	0.000025
86	2811.50	0.9400	4.8538	2795.80	90.0000	49.0200	86.70	0.000125	0.000139	0.000022	0.000025
85	2819.80	0.9400	4.8526	2814.00	90.0000	48.7700	86.90	0.000123	0.000135	0.000022	0.000025
84	2828.70	0.9200	4.8538	2831.30	90.0000	48.7700	83.50	0.000122	0.000135	0.000022	0.000026
83	2859.80	0.9200	4.8526	2851.30	90.0000	48.5200	82.50	0.000121	0.000136	0.000021	0.000025
82	2876.20	0.9200	4.8501	2869.60	90.0000	48.3900	86.80	0.000121	0.000136	0.000022	0.000025
81	2879.50	0.9000	4.8501	2882.20	90.0000	48.1400	83.70	0.000116	0.000134	0.000022	0.000025
80	2898.20	0.9000	4.8501	2898.90	90.0000	47.7700	86.00	0.000117	0.000134	0.000022	0.000025
79	2908.30	0.9000	4.8475	2922.60	90.0000	47.3900	86.70	0.000116	0.000133	0.000022	0.000025
78	2937.00	0.8800	4.8463	2941.90	90.0000	47.1400	87.00	0.000114	0.000128	0.000022	0.000025
77	2968.40	0.8800	4.8450	2962.80	90.0000	46.7600	83.60	0.000114	0.000127	0.000022	0.000025
76	2972.70	0.8800	4.8450	2971.20	92.0000	46.6400	83.00	0.000111	0.000129	0.000022	0.000026
75	3003.00	0.8800	4.8438	2995.00	90.0000	46.2600	83.70	0.000114	0.000129	0.000021	0.000025
74	3027.00	0.8800	4.8438	3014.00	90.0000	45.8800	87.00	0.000110	0.000127	0.000022	0.000026
73	3028.00	0.8600	4.8413	3038.00	92.0000	45.6300	85.40	0.000109	0.000122	0.000022	0.000025
72	3041.00	0.8600	4.8413	3058.00	90.0000	45.2500	87.60	0.000112	0.000125	0.000022	0.000026
71	3064.00	0.8600	4.8388	3070.00	90.0000	45.1300	86.90	0.000111	0.000122	0.000022	0.000026
70	3103.00	0.8600	4.8375	3093.00	90.0000	44.8800	81.70	0.000106	0.000125	0.000022	0.000026
69	3111.00	0.8400	4.8388	3119.00	92.0000	44.5000	84.10	0.000108	0.000122	0.000021	0.000025
68	3158.00	0.8200	4.8362	3140.00	90.0000	44.2500	87.00	0.000102	0.000122	0.000022	0.000026
67	3173.00	0.8200	4.8350	3163.00	92.0000	44.1200	86.50	0.000102	0.000121	0.000022	0.000026
66	3177.00	0.8200	4.8350	3178.00	92.0000	44.0000	87.70	0.000105	0.000116	0.000022	0.000026
65	3185.00	0.8200	4.8337	3208.00	90.0000	44.0000	86.90	0.000103	0.000118	0.000022	0.000025
64	3246.00	0.8200	4.8337	3231.00	90.0000	43.8700	83.30	0.000103	0.000117	0.000022	0.000026
63	3232.00	0.8000	4.8337	3257.00	90.0000	43.8700	83.40	0.000104	0.000116	0.000021	0.000025
62	3281.00	0.7800	4.8337	3285.00	90.0000	44.0000	86.30	0.000105	0.000118	0.000022	0.000025
61	3289.00	0.7800	4.8350	3295.00	92.0000	44.0000	86.00	0.000104	0.000115	0.000021	0.000025
60	3330.00	0.7800	4.8350	3320.00	90.0000	44.1200	86.70	0.000103	0.000117	0.000022	0.000026
59	3356.00	0.7800	4.8350	3349.00	90.0000	44.3700	86.90	0.000102	0.000116	0.000022	0.000025
58	3362.00	0.7800	4.8362	3380.00	90.0000	44.7500	86.00	0.000103	0.000118	0.000022	0.000025
57	3397.00	0.7800	4.8362	3407.00	90.0000	45.1300	82.80	0.000104	0.000117	0.000022	0.000026
56	3401.00	0.7800	4.8350	3414.00	90.0000	45.1300	87.90	0.000102	0.000115	0.000022	0.000026
55	3448.00	0.8000	4.8362	3445.00	90.0000	45.5100	84.90	0.000098	0.000108	0.000022	0.000026
54	3471.00	0.7400	4.8375	3474.00	92.0000	45.8800	86.40	0.000093	0.000109	0.000022	0.000026
53	3493.00	0.7400	4.8400	3506.00	90.0000	46.2600	87.30	0.000096	0.000107	0.000022	0.000026
52	3513.00	0.7400	4.8413	3538.00	90.0000	46.6400	86.30	0.000098	0.000108	0.000022	0.000026
51	3571.00	0.7400	4.8413	3571.00	92.0000	47.0100	86.90	0.000097	0.000109	0.000021	0.000025
50	3625.00	0.7200	4.8438	3576.00	90.0000	47.0100	81.50	0.000094	0.000108	0.000022	0.000027
49	3615.00	0.7200	4.8425	3610.00	92.0000	47.5200	87.40	0.000096	0.000104	0.000022	0.000026
48	3640.00	0.7000	4.8438	3648.00	90.0000	47.7700	87.10	0.000090	0.000103	0.000022	0.000026
47	3675.00	0.7000	4.8450	3681.00	90.0000	48.0200	85.60	0.000092	0.000105	0.000022	0.000026
46	3704.00	0.7000	4.8450	3717.00	90.0000	48.1400	86.90	0.000089	0.000104	0.000022	0.000026
45	3711.00	0.7000	4.8438	3722.00	92.0000	48.1400	87.30	0.000091	0.000103	0.000022	0.000026
44	3759.00	0.7000	4.8438	3758.00	90.0000	48.0200	88.00	0.000086	0.000100	0.000022	0.000026
43	3784.00	0.6800	4.8438	3796.00	90.0000	48.0200	85.10	0.000087	0.000095	0.000022	0.000026
42	3836.00	0.6600	4.8438	3837.00	90.0000	47.8900	86.30	0.000083	0.000092	0.000022	0.000026
41	3887.00	0.6600	4.8413	3878.00	92.0000	47.5200	84.90	0.000084	0.000094	0.000022	0.000027
40	3887.00	0.6600	4.8438	3875.00	90.0000	47.5200	87.40	0.000083	0.000094	0.000022	0.000027
39	3939.00	0.6800	4.8400	3922.00	90.0000	47.2600	85.90	0.000084	0.000092	0.000022	0.000027
38	3936.00	0.6600	4.8388	3954.00	90.0000	46.6400	85.80	0.000084	0.000093	0.000022	0.000027
37	3971.00	0.6400	4.8350	3994.00	92.0000	46.2600	84.50	0.000079	0.000089	0.000022	0.000027
36	4034.00	0.6400	4.8337	4045.00	90.0000	45.6300	87.60	0.000080	0.000086	0.000022	0.000026
35	4078.00	0.6400	4.8337	4049.00	90.0000	45.6300	85.50	0.000080	0.000090	0.000022	0.000026
34	4102.00	0.6400	4.8325	4098.00	90.0000	45.2500	84.30	0.000081	0.000087	0.000022	0.000026
33	4143.00	0.6400	4.8425	4143.00	90.0000	47.3900	87.50	0.000076	0.000087	0.000022	0.000026
32	4202.00	0.6200	4.8287	4186.00	90.0000	48.0200	83.30	0.000075	0.000086	0.000021	0.000026
31	4243.00	0.6000	4.8249	4240.00	92.0000	45.8800	84.10	0.000075	0.000085	0.000022	0.000027
30	4239.00	0.6000	4.8350	4230.00	90.0000	48.1400	87.40	0.000075	0.000086	0.000022	0.000027
29	4276.00	0.6000	4.8413	4278.00	90.0000	47.7700	85.40	0.000078	0.000085	0.000022	0.000027
28	4331.00	0.5800	4.8375	4330.00	90.0000	44.7500	85.10	0.000077	0.000085	0.000022	0.000027
27	4380.00	0.5800	4.8325	4384.00	90.0000	47.0100	87.40	0.000077	0.000084	0.000027	0.000031
26	3697.00	0.8200	4.8362	3796.00	90.0000	45.6300	86.40	0.000094	0.000110	0.000023	0.000027
25	2614.00	0.9000	4.8287	4428.00	90.0000	47.3900	81.70	0.000079	0.000087	0.000022	0.000028
24	4511.00	0.5600	4.8300	4511.00	90.0000	46.2600	82.70	0.000075	0.000087	0.000029	0.000043
23	3476.00	0.7200	4.8187	3883.00	92.0000	48.2700	84.80	0.000074	0.000079	0.000022	0.000028
22	4649.00	0.5200	4.8199	4715.00	90.0000	47.8900	86.60	0.000074	0.000082	0.000022	0.000028
21	4773.00	0.5400	4.8274	4813.00	90.0000	45.6300	86.90	0.000069	0.000078	0.000022	0.000028
20	4062.00	0.5400	4.7697	3981.00	90.0000	46.5100	84.80	0.000070	0.000099	0.000049	0.000039
19	4931.00	0.6000	4.8187	4645.00	90.0000	45.5100	87.50	98999999999999993426744560981400092672.000000	0.000074	0.000022	0.000047
18	5018.00	0.5000	4.8149	5036.00	90.0000	46.5100	86.50	0.000069	0.000074	0.000022	0.000029
17	5144.00	0.4800	4.8136	5148.00	90.0000	44.8800	85.90	0.000061	0.000065	0.000022	0.000028
16	5270.00	0.4800	4.8023	5292.00	92.0000	47.1400	82.90	0.000060	0.000065	0.000022	0.000029
15	5174.00	0.4800	4.8099	5235.00	90.0000	47.0100	81.70	0.000061	0.000066	0.000022	0.000029
14	5374.00	0.4600	4.8023	5374.00	90.0000	45.7600	89.00	0.000056	0.000065	0.000022	0.000029
13	5499.00	0.4600	4.7998	5524.00	90.0000	46.1300	87.20	0.000053	0.000062	0.000023	0.000029
12	5708.00	0.4400	4.7935	5669.00	90.0000	46.0100	80.10	0.000048	0.000055	0.000023	0.000029
11	5798.00	0.4200	4.7948	5847.00	90.0000	46.3800	83.60	0.000049	0.000053	0.000042	0.000063
10	5610.00	0.4400	4.7885	5585.00	90.0000	46.1300	90.70	0.000059	0.000057	0.000023	0.000031
9	5782.00	0.4600	4.7910	5768.00	88.0000	44.8800	86.30	0.000064	0.000059	0.000023	0.000029
8	5978.00	0.4400	4.7860	5955.00	90.0000	46.1300	89.60	0.000050	0.000058	0.000023	0.000030
7	6191.00	0.4200	4.7797	6182.00	90.0000	45.1300	88.10	0.000060	0.000055	0.000024	0.000029
6	6355.00	0.4200	4.7810	6358.00	90.0000	47.0100	86.60	0.000067	0.000057	0.000024	0.000030
5	5340.00	0.4800	4.7747	5367.00	92.0000	45.2500	86.70	0.000057	0.000068	0.000029	0.000034
4	5507.00	0.4400	4.7722	5603.00	90.0000	47.0100	92.10	0.000053	0.000076	0.000029	0.000033
3	5924.00	0.4200	4.7709	5877.00	92.0000	45.5100	91.70	0.000046	0.000055	0.000026	0.000033
2	3423.00	0.4000	4.7747	6176.00	90.0000	47.2600	84.10	0.000046	0.000052	0.000027	0.000032
1	6551.00	0.3600	4.7697	6558.00	88.0000	46.0100	82.90	0.000037	0.000052	0.000024	0.000029
0	6898.00	0.3600	4.7646	6972.00	88.0000	45.8800	83.00	0.000038	0.000052	0.000024	0.000029
