R1		Freq_tr(Hz)	V_tr(V)		DC_tr(V)	Freq_sq(Hz)	V_sq(V)		DC_sq(V)	Phase(deg)	t_rise_tr(s)	t_fall_tr(s)	t_rise_sq(s)	t_fall_sq(s)
255		1740.30		1.5400		4.6618		1727.70		89.7000		46.8200		85.20		0.000205		0.000235		0.000022		0.000025
254		1734.90		1.5500		4.6626		1732.50		89.7000		46.6500		84.90		0.000204		0.000232		0.000022		0.000026
253		1735.50		1.5200		4.6648		1733.70		89.7000		46.8600		85.40		0.000207		0.000234		0.000022		0.000026
252		1741.60		1.5200		4.6663		1736.10		89.0000		46.9000		85.90		0.000205		0.000233		0.000022		0.000026
251		1739.70		1.5400		4.6677		1738.50		89.7000		46.8600		84.40		0.000207		0.000234		0.000022		0.000026
250		1739.10		1.5100		4.6692		1745.20		89.7000		46.9400		84.90		0.000203		0.000233		0.000022		0.000026
249		1755.60		1.5400		4.6707		1748.30		89.7000		47.0700		84.50		0.000201		0.000231		0.000022		0.000026
248		1745.20		1.5100		4.6722		1747.60		89.7000		46.7300		84.70		0.000200		0.000231		0.000022		0.000026
247		1764.90		1.5100		4.6744		1751.30		89.7000		47.0300		84.80		0.000203		0.000227		0.000022		0.000026
246		1750.70		1.5100		4.6751		1755.60		89.7000		46.6900		84.00		0.000198		0.000229		0.000022		0.000026
245		1764.30		1.5100		4.6766		1759.30		89.7000		47.1100		85.70		0.000199		0.000230		0.000022		0.000026
244		1765.50		1.5200		4.6788		1761.80		89.7000		46.8600		84.80		0.000200		0.000228		0.000022		0.000026
243		1767.40		1.5000		4.6795		1763.70		89.7000		46.9000		84.30		0.000201		0.000229		0.000022		0.000026
242		1763.70		1.5000		4.6810		1769.90		89.7000		46.9400		85.20		0.000198		0.000229		0.000022		0.000026
241		1768.00		1.4900		4.6832		1771.80		89.0000		47.1100		84.10		0.000198		0.000227		0.000022		0.000026
240		1781.30		1.4900		4.6840		1776.80		89.7000		47.0700		85.40		0.000198		0.000227		0.000022		0.000026
239		1778.10		1.5000		4.6862		1778.10		89.7000		46.8600		85.40		0.000197		0.000226		0.000022		0.000026
238		1785.10		1.4800		4.6862		1783.20		89.7000		46.9900		84.20		0.000198		0.000225		0.000022		0.000026
237		1788.30		1.4900		4.6884		1787.60		89.7000		46.9000		85.80		0.000199		0.000225		0.000022		0.000026
236		1800.50		1.4900		4.6906		1788.30		89.0000		46.9400		85.00		0.000196		0.000224		0.000022		0.000026
235		1787.00		1.4800		4.6906		1794.00		89.7000		46.7700		86.30		0.000196		0.000223		0.000022		0.000026
234		1790.80		1.4700		4.6928		1796.60		89.7000		47.1100		84.20		0.000193		0.000225		0.000022		0.000026
233		1800.50		1.4700		4.6936		1799.20		89.7000		47.1100		84.50		0.000194		0.000227		0.000022		0.000026
232		1803.80		1.4700		4.6951		1805.70		89.0000		46.9400		85.20		0.000196		0.000221		0.000022		0.000026
231		1805.70		1.4700		4.6980		1809.00		89.0000		46.9400		85.60		0.000192		0.000220		0.000022		0.000026
230		1809.60		1.4700		4.6988		1808.30		89.7000		47.0300		84.60		0.000193		0.000222		0.000022		0.000026
229		1813.60		1.4500		4.6995		1816.90		89.7000		47.0300		84.90		0.000192		0.000221		0.000022		0.000026
228		1814.90		1.4700		4.7017		1819.50		89.0000		47.0300		84.70		0.000192		0.000220		0.000022		0.000026
227		1814.20		1.4700		4.7032		1822.80		89.7000		47.0700		86.10		0.000190		0.000222		0.000022		0.000026
226		1827.50		1.4400		4.7039		1826.20		89.7000		47.1600		84.20		0.000191		0.000220		0.000022		0.000026
225		1833.50		1.4400		4.7556		1827.50		89.7000		46.9000		90.40		0.000191		0.000216		0.000022		0.000028
224		1304.50		1.4500		4.8539		1799.90		89.0000		50.8900		85.40		0.000252		0.000218		0.000064		0.000026
223		1833.50		1.4700		4.7076		1837.60		89.7000		47.1560		84.60		0.000188		0.000219		0.000023		0.000026
222		1846.40		1.8900		4.8886		1297.40		89.7000		49.8300		85.40		0.000221		0.000278		0.000068		0.000032
221		1836.90		1.8700		4.9056		1839.60		89.7000		44.1000		85.90		0.000201		0.000214		0.000022		0.000026
220		1611.90		1.4500		4.7121		1847.70		89.7000		47.1600		83.30		0.000189		0.000216		0.000022		0.000026
219		1842.30		1.4300		4.7143		1830.80		89.7000		49.7000		85.00		0.000187		0.000214		0.000022		0.000026
218		1860.10		1.4200		4.7150		1856.00		88.3000		47.2000		84.20		0.000190		0.000215		0.000022		0.000026
217		1853.90		1.4200		4.7165		1859.40		89.7000		46.9000		84.70		0.000189		0.000216		0.000022		0.000026
216		1487.70		1.4400		4.8036		1863.60		89.7000		47.0700		91.80		0.000190		0.000254		0.000051		0.000027
215		1859.40		1.4300		4.7180		1865.70		90.4000		43.4200		84.30		0.000191		0.000217		0.000022		0.000026
214		1869.90		1.4200		4.7202		1869.20		89.7000		47.1600		85.30		0.000192		0.000218		0.000022		0.000026
213		1870.60		1.4100		4.7217		1874.10		89.0000		46.9400		85.80		0.000188		0.000213		0.000022		0.000026
212		1878.30		1.4100		4.7239		1879.70		89.0000		47.0700		85.60		0.000187		0.000214		0.000022		0.000026
211		1872.00		1.4100		4.7268		1883.00		89.7000		46.9400		85.00		0.000186		0.000216		0.000022		0.000026
210		1890.00		1.3900		4.7276		1885.00		89.0000		47.2000		84.10		0.000188		0.000214		0.000022		0.000026
209		1887.00		1.4100		4.7283		1889.00		89.0000		46.9000		85.20		0.000186		0.000213		0.000022		0.000026
208		1898.00		1.3900		4.7290		1893.00		89.7000		47.0300		86.10		0.000187		0.000209		0.000022		0.000026
207		1898.00		1.3900		4.7305		1897.00		89.7000		46.9000		85.40		0.000184		0.000215		0.000022		0.000026
206		1903.00		1.3900		4.7320		1903.00		89.0000		46.9900		84.40		0.000184		0.000212		0.000022		0.000026
205		1908.00		1.3800		4.7357		1904.00		89.0000		46.9900		84.40		0.000185		0.000209		0.000022		0.000026
204		1908.00		1.3800		4.7357		1910.00		89.0000		46.9400		84.40		0.000185		0.000210		0.000022		0.000026
203		1913.00		1.3900		4.7379		1913.00		89.7000		46.9900		85.90		0.000186		0.000209		0.000022		0.000026
202		1926.00		1.3800		4.8694		1920.00		89.0000		46.5200		85.30		0.000182		0.000215		0.000022		0.000026
201		1927.00		1.3800		4.7394		1921.00		89.0000		46.8200		83.90		0.000182		0.000211		0.000022		0.000026
200		1925.00		1.3700		4.7409		1926.00		89.7000		46.9000		84.50		0.000181		0.000210		0.000022		0.000026
199		1928.00		1.3700		4.7438		1929.00		89.0000		47.0300		84.80		0.000183		0.000207		0.000022		0.000026
198		1933.00		1.3700		4.7438		1428.20		89.0000		44.8200		84.20		0.000182		0.000207		0.000022		0.000026
197		1941.00		1.3700		4.7468		1939.00		89.0000		47.0700		85.80		0.000182		0.000205		0.000022		0.000026
196		1933.00		1.3700		4.7468		1943.00		89.7000		46.9400		85.10		0.000182		0.000205		0.000022		0.000026
195		1946.00		1.3700		4.7482		1944.00		89.7000		47.2000		86.00		0.000180		0.000208		0.000022		0.000026
194		1935.00		1.3600		4.7497		1952.00		89.0000		47.0300		84.90		0.000183		0.000206		0.000022		0.000026
193		1954.00		1.3600		4.7512		1956.00		89.0000		47.3300		84.20		0.000183		0.000201		0.000022		0.000026
192		1955.00		1.3500		4.7534		1958.00		89.0000		47.0300		84.40		0.000178		0.000206		0.000022		0.000026
191		1963.00		1.3500		4.7542		1964.00		89.0000		47.1100		83.90		0.000177		0.000205		0.000022		0.000026
190		1965.00		1.3500		4.7549		1968.00		89.0000		47.0300		85.20		0.000177		0.000205		0.000022		0.000026
189		1976.00		1.3400		4.7556		1973.00		89.0000		47.0700		83.90		0.000176		0.000200		0.000022		0.000026
188		1974.00		1.3400		4.7578		1976.00		89.7000		46.9400		84.70		0.000176		0.000200		0.000022		0.000026
187		1975.00		1.3400		4.7593		1979.00		89.0000		47.0700		85.20		0.000177		0.000204		0.000022		0.000026
186		1995.00		1.3400		4.7615		1989.00		89.0000		47.1100		85.70		0.000175		0.000202		0.000022		0.000026
185		1991.00		1.3200		4.7623		1989.00		89.0000		46.8200		85.30		0.000176		0.000198		0.000022		0.000026
184		2002.00		1.3200		4.7638		1996.00		88.3000		46.9900		85.50		0.000171		0.000201		0.000022		0.000026
183		2002.00		1.3200		4.7645		1998.00		88.3000		46.8600		83.90		0.000176		0.000198		0.000022		0.000026
182		2011.00		1.3400		4.7652		2002.00		89.7000		46.9400		84.80		0.000174		0.000200		0.000022		0.000026
181		2002.00		1.3100		4.7667		2008.00		89.0000		46.8200		85.20		0.000174		0.000196		0.000022		0.000026
180		2008.00		1.3100		4.7697		2010.00		89.0000		47.1600		85.00		0.000174		0.000197		0.000022		0.000026
179		2020.00		1.3100		4.7711		2015.00		89.0000		47.0300		86.10		0.000171		0.000194		0.000022		0.000026
178		2026.00		1.3100		4.7719		2021.00		89.0000		46.9000		85.60		0.000174		0.000195		0.000022		0.000026
177		2029.00		1.3000		4.7726		2028.00		89.0000		46.9000		84.30		0.000174		0.000195		0.000022		0.000026
176		2036.00		1.2900		4.7741		2032.00		89.0000		46.9900		84.70		0.000174		0.000194		0.000022		0.000026
175		2040.00		1.3000		4.7763		2036.00		89.0000		46.9000		85.80		0.000175		0.000199		0.000022		0.000026
174		2048.00		1.3000		4.7756		2041.00		88.3000		46.9400		84.70		0.000175		0.000198		0.000022		0.000026
173		2058.00		1.3000		4.7785		2047.00		89.0000		46.8600		85.30		0.000174		0.000194		0.000022		0.000026
172		2052.00		1.2900		4.7793		2053.00		88.3000		46.7300		83.90		0.000173		0.000199		0.000022		0.000026
171		2060.00		1.2900		4.7807		2056.00		88.3000		46.9900		85.40		0.000169		0.000192		0.000022		0.000026
170		2065.00		1.2900		4.7830		2060.00		88.3000		46.9000		85.50		0.000167		0.000196		0.000022		0.000026
169		2076.00		1.2800		4.7837		2068.00		89.0000		46.9000		85.60		0.000170		0.000194		0.000022		0.000026
168		2061.00		1.3000		4.7852		2071.00		89.0000		46.7700		83.90		0.000173		0.000192		0.000022		0.000026
167		2070.00		1.2800		4.7874		2073.00		88.3000		47.2000		84.50		0.000171		0.000191		0.000022		0.000026
166		2082.00		1.2800		4.7896		2080.00		89.0000		47.1100		84.80		0.000169		0.000191		0.000022		0.000026
165		2083.00		1.2600		4.7889		2087.00		89.0000		46.9900		84.80		0.000165		0.000192		0.000022		0.000026
164		2082.00		1.2500		4.7911		2089.00		88.3000		47.0700		84.80		0.000169		0.000190		0.000022		0.000026
163		2110.00		1.2500		4.7933		2096.00		89.0000		47.1600		85.20		0.000167		0.000190		0.000022		0.000026
162		2103.00		1.2500		4.7933		2099.00		89.0000		46.7300		85.20		0.000165		0.000190		0.000022		0.000026
161		2112.00		1.2600		4.7955		2103.00		89.0000		46.9900		83.60		0.000167		0.000189		0.000022		0.000026
160		2103.00		1.2600		4.7963		2111.00		88.3000		46.8600		86.00		0.000168		0.000188		0.000022		0.000026
159		2113.00		1.2500		4.7992		2118.00		89.0000		47.1600		84.20		0.000167		0.000186		0.000022		0.000026
158		2121.00		1.2500		4.7985		2123.00		88.3000		47.0700		86.40		0.000164		0.000187		0.000022		0.000026
157		2123.00		1.2400		4.8007		2129.00		88.3000		46.9900		85.40		0.000166		0.000186		0.000022		0.000026
156		2139.00		1.2400		4.8014		2131.00		89.0000		47.0300		85.50		0.000164		0.000185		0.000022		0.000026
155		2131.00		1.2300		4.8029		2138.00		88.3000		46.9000		84.60		0.000160		0.000185		0.000022		0.000026
154		2149.00		1.2300		4.8059		2142.00		89.0000		47.1100		85.40		0.000159		0.000186		0.000022		0.000026
153		2152.00		1.2400		4.8059		2150.00		89.0000		46.9400		84.90		0.000162		0.000182		0.000022		0.000026
152		2162.00		1.2200		4.8073		2155.00		89.0000		46.9400		85.40		0.000161		0.000183		0.000022		0.000026
151		2165.00		1.2200		4.8081		2162.00		88.3000		46.9000		86.00		0.000160		0.000184		0.000022		0.000026
150		2162.00		1.2100		4.8088		2167.00		88.3000		46.9400		85.10		0.000160		0.000184		0.000022		0.000026
149		2171.00		1.2200		4.8118		2171.00		88.3000		47.0700		86.90		0.000157		0.000179		0.000022		0.000026
148		2179.00		1.2100		4.8133		2181.00		89.0000		47.0700		84.10		0.000156		0.000180		0.000022		0.000026
147		2183.00		1.2100		4.8133		2183.00		89.0000		46.9900		84.70		0.000158		0.000178		0.000022		0.000026
146		2196.00		1.2100		4.8147		2192.00		89.0000		47.0300		85.00		0.000157		0.000180		0.000022		0.000026
145		2183.00		1.2100		4.8155		2198.00		89.0000		46.9000		84.50		0.000157		0.000176		0.000022		0.000026
144		2208.00		1.1900		4.8177		2203.00		89.0000		47.2800		84.80		0.000155		0.000178		0.000022		0.000026
143		2202.00		1.2100		4.8184		2209.00		89.0000		46.9400		84.30		0.000159		0.000179		0.000022		0.000026
142		2208.00		1.1800		4.8206		2216.00		89.0000		47.1100		85.70		0.000156		0.000178		0.000022		0.000026
141		2225.00		1.1700		4.8214		2218.00		89.0000		47.1100		84.50		0.000158		0.000179		0.000022		0.000026
140		2226.00		1.1800		4.8221		2228.00		88.3000		46.9400		85.60		0.000155		0.000178		0.000022		0.000026
139		2236.00		1.1800		4.8229		2235.00		88.3000		47.0300		85.80		0.000159		0.000180		0.000022		0.000026
138		2231.00		1.1800		4.8236		2238.00		89.0000		46.9900		85.70		0.000156		0.000181		0.000022		0.000026
137		2253.00		1.1700		4.8273		2246.00		89.0000		47.2000		85.10		0.000158		0.000178		0.000022		0.000026
136		2253.00		1.1700		4.8258		2253.00		88.3000		46.9000		86.00		0.000154		0.000177		0.000022		0.000026
135		2258.00		1.1600		4.8265		2258.00		89.0000		47.0300		84.20		0.000158		0.000177		0.000022		0.000026
134		2274.00		1.1700		4.8295		2270.00		89.0000		47.0700		85.40		0.000155		0.000174		0.000022		0.000026
133		2273.00		1.1600		4.8288		2276.00		89.0000		46.9000		86.10		0.000154		0.000175		0.000022		0.000026
132		2282.00		1.1600		4.8302		2284.00		89.0000		47.0300		84.80		0.000151		0.000171		0.000022		0.000026
131		2286.00		1.1500		4.8310		2288.00		89.0000		47.0300		84.80		0.000152		0.000173		0.000022		0.000027
130		2295.00		1.1500		4.8325		2294.00		89.0000		47.0700		86.10		0.000152		0.000174		0.000022		0.000026
129		2295.00		1.1500		4.8339		2305.00		89.0000		47.0700		84.60		0.000151		0.000172		0.000022		0.000026
128		2307.00		1.1500		4.8362		2313.00		89.0000		47.2000		84.30		0.000153		0.000169		0.000022		0.000026
127		2321.00		1.1300		4.8369		2318.00		88.3000		47.1100		85.60		0.000151		0.000170		0.000022		0.000026
126		2318.00		1.1300		4.8376		2326.00		89.0000		47.0300		84.20		0.000148		0.000170		0.000022		0.000026
125		2325.00		1.1300		4.8384		2338.00		88.3000		47.2000		86.10		0.000147		0.000169		0.000022		0.000027
124		2342.00		1.1300		4.8398		2347.00		89.0000		47.2400		84.20		0.000148		0.000167		0.000022		0.000026
123		2346.00		1.1200		4.8406		2354.00		88.3000		47.1100		84.40		0.000150		0.000165		0.000022		0.000026
122		2358.00		1.1000		4.8398		2360.00		88.3000		47.1100		87.00		0.000148		0.000165		0.000022		0.000026
121		2364.00		1.1000		4.8413		2367.00		89.0000		47.0700		84.70		0.000144		0.000165		0.000022		0.000026
120		2385.00		1.1000		4.8421		2378.00		89.0000		47.1100		85.20		0.000143		0.000164		0.000022		0.000027
119		2385.00		1.1000		4.8428		2388.00		89.0000		46.9000		84.80		0.000143		0.000166		0.000022		0.000027
118		2392.00		1.1000		4.8428		2398.00		89.0000		47.0300		87.20		0.000142		0.000162		0.000022		0.000026
117		2414.00		1.0900		4.8443		2405.00		89.0000		47.0700		86.20		0.000144		0.000163		0.000022		0.000026
116		2413.00		1.0900		4.8435		2414.00		88.3000		46.9000		86.70		0.000142		0.000159		0.000022		0.000027
115		2425.00		1.0900		4.8458		2426.00		89.0000		47.0700		85.20		0.000140		0.000159		0.000022		0.000027
114		2435.00		1.0800		4.8450		2433.00		89.0000		47.0300		86.50		0.000141		0.000158		0.000022		0.000026
113		2444.00		1.0800		4.8465		2445.00		89.0000		47.0700		86.00		0.000142		0.000158		0.000022		0.000026
112		2443.00		1.0800		4.8480		2450.00		88.3000		47.0300		84.50		0.000141		0.000159		0.000022		0.000026
111		2456.00		1.0600		4.8487		2464.00		89.0000		47.2400		83.70		0.000143		0.000160		0.000022		0.000026
110		2470.00		1.0600		4.8480		2476.00		89.0000		47.2000		85.80		0.000143		0.000159		0.000022		0.000026
109		2490.00		1.0600		4.8494		2488.00		89.0000		47.1600		85.20		0.000139		0.000155		0.000022		0.000026
108		2490.00		1.0500		4.8502		2496.00		89.0000		47.0300		85.00		0.000138		0.000157		0.000022		0.000026
107		2523.00		1.0400		4.8509		2505.00		88.3000		47.2000		84.50		0.000138		0.000156		0.000022		0.000026
106		2514.60		1.0500		4.8495		2518.10		89.0000		46.8590		85.30		0.000136		0.000156		0.000022		0.000026
105		2536.50		1.0400		4.8517		2532.40		89.0000		47.1560		84.40		0.000137		0.000154		0.000022		0.000026
104		2543.70		1.0300		4.8517		2543.70		89.0000		47.0290		84.00		0.000134		0.000154		0.000022		0.000026
103		2547.40		1.0200		4.8531		2556.80		89.0000		47.1140		86.20		0.000137		0.000153		0.000022		0.000026
102		2566.20		1.0300		4.8524		2568.80		88.3000		47.2840		84.70		0.000134		0.000151		0.000022		0.000026
101		2573.10		1.0200		4.8517		2578.90		89.0000		47.1140		84.70		0.000133		0.000152		0.000022		0.000027
100		2584.70		1.0200		4.8524		2592.20		88.3000		47.1560		85.40		0.000132		0.000148		0.000022		0.000026
99		2588.50		1.0000		4.8539		2605.80		89.0000		47.1560		85.80		0.000134		0.000149		0.000022		0.000026
98		2616.70		1.0000		4.8554		2619.40		89.0000		47.3690		85.70		0.000131		0.000145		0.000022		0.000026
97		2635.40		0.9800		4.8539		2630.40		89.0000		47.1990		85.10		0.000129		0.000144		0.000022		0.000026
96		2648.80		0.9800		4.8539		2647.70		89.0000		47.0290		85.60		0.000128		0.000149		0.000022		0.000026
95		2666.40		0.9800		4.8539		2658.40		89.0000		47.0710		86.00		0.000127		0.000146		0.000022		0.000027
94		2666.30		0.9800		4.8554		2675.50		89.0000		47.0290		85.40		0.000126		0.000143		0.000022		0.000026
93		2687.50		0.9800		4.8561		2691.00		89.0000		47.2410		85.90		0.000125		0.000141		0.000022		0.000026
92		2717.40		0.9700		4.8546		2706.20		88.3000		47.1990		84.10		0.000123		0.000140		0.000022		0.000026
91		2719.20		0.9700		4.8554		2719.20		89.0000		46.9020		84.20		0.000125		0.000141		0.000022		0.000027
90		2738.20		0.9600		4.8546		2730.40		89.0000		47.1140		85.40		0.000122		0.000140		0.000022		0.000026
89		2745.40		0.9500		4.8554		2748.50		89.0000		47.0710		84.50		0.000124		0.000141		0.000022		0.000026
88		2762.40		0.9600		4.8554		2766.00		89.0000		47.1990		85.50		0.000122		0.000138		0.000022		0.000027
87		2760.60		0.9300		4.8554		2782.70		89.0000		47.1990		85.10		0.000122		0.000141		0.000022		0.000026
86		2793.90		0.9500		4.8561		2793.20		89.0000		47.3690		86.30		0.000123		0.000142		0.000022		0.000027
85		2818.50		0.9300		4.8554		2810.30		89.0000		47.1560		84.80		0.000123		0.000137		0.000022		0.000026
84		2833.20		0.9100		4.8561		2830.60		88.3000		47.0710		84.50		0.000119		0.000137		0.000022		0.000026
83		2862.30		0.9100		4.8554		2849.90		89.0000		47.1140		85.80		0.000119		0.000139		0.000022		0.000027
82		2868.20		0.9100		4.8539		2867.60		89.0000		46.9440		86.10		0.000119		0.000135		0.000022		0.000026
81		2864.90		0.9000		4.8554		2878.80		88.3000		47.0290		86.60		0.000119		0.000135		0.000022		0.000027
80		2890.80		0.9000		4.8554		2898.20		89.0000		47.3690		82.60		0.000118		0.000131		0.000022		0.000027
79		2917.20		0.8900		4.8546		2921.20		89.0000		47.2840		84.50		0.000116		0.000129		0.000022		0.000027
78		2923.30		0.8900		4.8539		2940.50		89.0000		47.1560		85.80		0.000115		0.000127		0.000022		0.000027
77		2944.60		0.8900		4.8561		2959.30		89.0000		47.3260		86.70		0.000115		0.000129		0.000022		0.000026
76		2964.90		0.8900		4.8561		2972.70		88.3000		47.2410		82.60		0.000114		0.000129		0.000022		0.000027
75		2997.00		0.8600		4.8554		2991.00		89.0000		47.2410		85.70		0.000116		0.000125		0.000022		0.000027
74		3022.00		0.8600		4.8554		3014.00		88.3000		47.0710		85.00		0.000110		0.000127		0.000022		0.000027
73		3027.00		0.8500		4.8539		3037.00		89.0000		47.0710		85.40		0.000109		0.000126		0.000022		0.000027
72		3057.00		0.8500		4.8554		3056.00		89.0000		47.2840		83.40		0.000112		0.000120		0.000022		0.000027
71		3049.00		0.8500		4.8531		3070.00		88.3000		47.0290		85.10		0.000104		0.000120		0.000022		0.000027
70		3100.00		0.8400		4.8539		3092.00		88.3000		47.4110		86.20		0.000107		0.000120		0.000022		0.000027
69		3135.00		0.8400		4.8539		3113.00		88.3000		47.0710		84.30		0.000105		0.000123		0.000022		0.000027
68		3141.00		0.8300		4.8539		3139.00		89.0000		46.9440		85.00		0.000105		0.000119		0.000022		0.000027
67		3187.00		0.8200		4.8539		3167.00		89.0000		47.1990		84.50		0.000105		0.000119		0.000022		0.000027
66		3148.00		0.8200		4.8524		3177.00		89.0000		46.7740		84.70		0.000106		0.000122		0.000022		0.000027
65		3217.00		0.8300		4.8554		3201.00		89.0000		47.5390		84.90		0.000105		0.000117		0.000022		0.000027
64		3202.00		0.7900		4.8531		3229.00		89.0000		47.0290		85.20		0.000102		0.000118		0.000022		0.000027
63		3244.00		0.7900		4.8546		3253.00		89.0000		47.5390		83.60		0.000104		0.000119		0.000022		0.000027
62		3293.00		0.7800		4.8531		3281.00		88.3000		47.3260		84.80		0.000103		0.000116		0.000022		0.000027
61		3288.00		0.7900		4.8524		3291.00		89.0000		46.8170		85.40		0.000100		0.000112		0.000022		0.000027
60		3308.00		0.7800		4.8531		3321.00		88.3000		47.2410		84.00		0.000100		0.000113		0.000022		0.000027
59		3340.00		0.7700		4.8524		3349.00		89.0000		47.3260		84.80		0.000099		0.000111		0.000022		0.000027
58		3357.00		0.7800		4.8531		3377.00		89.0000		47.2840		85.30		0.000098		0.000108		0.000022		0.000027
57		3401.00		0.7600		4.8524		3403.00		89.0000		47.4110		85.10		0.000096		0.000107		0.000022		0.000027
56		3410.00		0.7600		4.8509		3414.00		89.0000		46.9870		84.70		0.000095		0.000108		0.000022		0.000027
55		3433.00		0.7400		4.8509		3444.00		88.3000		47.2410		85.50		0.000096		0.000108		0.000022		0.000027
54		3472.00		0.7400		4.8517		3477.00		88.3000		47.3260		84.40		0.000095		0.000105		0.000022		0.000027
53		3507.00		0.7300		4.8517		3505.00		88.3000		47.2410		84.20		0.000094		0.000104		0.000022		0.000027
52		3534.00		0.7300		4.8502		3535.00		89.0000		47.2410		85.30		0.000094		0.000105		0.000022		0.000027
51		3575.00		0.7300		4.8502		3569.00		88.3000		47.2840		84.20		0.000087		0.000103		0.000022		0.000027
50		3595.00		0.7200		4.8502		3576.00		89.0000		46.9440		86.20		0.000093		0.000103		0.000022		0.000027
49		3627.00		0.7100		4.8487		3607.00		88.3000		47.0710		84.60		0.000092		0.000104		0.000022		0.000027
48		3650.00		0.7100		4.8480		3645.00		87.6000		47.1140		84.50		0.000093		0.000104		0.000022		0.000027
47		3685.00		0.6900		4.8487		3681.00		88.3000		47.2410		84.40		0.000091		0.000101		0.000022		0.000027
46		3727.00		0.7000		4.8480		3717.00		88.3000		47.2410		85.10		0.000090		0.000101		0.000022		0.000027
45		3743.00		0.6900		4.8457		3720.00		88.3000		46.8590		83.60		0.000089		0.000099		0.000022		0.000027
44		3772.00		0.6900		4.8465		3759.00		88.3000		47.0290		83.30		0.000089		0.000100		0.000022		0.000027
43		3802.00		0.6900		4.8472		3794.00		88.3000		47.1560		83.00		0.000085		0.000095		0.000022		0.000027
42		3845.00		0.6600		4.8472		3834.00		89.0000		47.1990		84.40		0.000086		0.000096		0.000022		0.000027
41		3868.00		0.6600		4.8458		3871.00		89.0000		47.2000		84.40		0.000084		0.000097		0.000022		0.000027
40		3872.00		0.6600		4.8465		3875.00		88.3000		46.9900		83.20		0.000086		0.000096		0.000022		0.000027
39		3948.00		0.6600		4.8472		3916.00		89.0000		47.3300		83.70		0.000084		0.000097		0.000022		0.000027
38		3952.00		0.6400		4.8450		3953.00		87.6000		46.9900		83.80		0.000081		0.000093		0.000022		0.000027
37		4008.00		0.6400		4.8458		4000.00		88.3000		47.3700		84.80		0.000077		0.000091		0.000022		0.000027
36		4027.00		0.6300		4.8458		4047.00		89.0000		47.2400		87.60		0.000079		0.000090		0.000022		0.000027
35		4062.00		0.6300		4.8450		4045.00		88.3000		47.1100		86.40		0.000082		0.000091		0.000022		0.000027
34		4080.00		0.6300		4.8450		4093.00		88.3000		47.2000		81.70		0.000076		0.000090		0.000022		0.000027
33		4110.00		0.6100		4.8458		4143.00		87.6000		47.5000		83.10		0.000075		0.000086		0.000022		0.000027
32		4227.00		0.6000		4.8465		4187.00		87.6000		47.6700		86.70		0.000077		0.000084		0.000022		0.000027
31		4263.00		0.6000		4.8435		4237.00		88.3000		47.0300		86.00		0.000075		0.000085		0.000022		0.000028
30		4219.00		0.6000		4.8406		4224.00		88.3000		46.5200		83.90		0.000073		0.000085		0.000022		0.000028
29		4306.00		0.5900		4.8443		4276.00		87.6000		47.4100		83.40		0.000077		0.000083		0.000022		0.000028
28		4328.00		0.5800		4.8428		4331.00		88.3000		47.1100		85.20		0.000076		0.000084		0.000022		0.000028
27		4364.00		0.5800		4.8428		4386.00		88.3000		47.4100		81.20		0.000075		0.000083		0.000022		0.000028
26		4440.00		0.5700		4.8435		4442.00		88.3000		47.5800		83.40		0.000072		0.000082		0.000022		0.000028
25		4453.00		0.5800		4.8398		4440.00		88.3000		46.8600		84.50		0.000073		0.000079		0.000022		0.000028
24		4463.00		0.5600		4.8391		4521.00		89.0000		47.5400		84.20		0.000072		0.000078		0.000022		0.000028
23		4631.00		0.5400		4.8391		4613.00		88.3000		48.1800		82.90		0.000070		0.000077		0.000022		0.000028
22		4675.00		0.5400		4.8347		4708.00		87.6000		47.5800		85.70		0.000067		0.000075		0.000022		0.000028
21		4776.00		0.5200		4.8339		4808.00		87.6000		48.0100		82.40		0.000065		0.000076		0.000022		0.000028
20		4811.00		0.5300		4.8273		4808.00		87.6000		47.2000		84.40		0.000066		0.000073		0.000022		0.000029
19		4890.00		0.5000		4.8273		4913.00		87.6000		47.7900		85.20		0.000061		0.000072		0.000022		0.000029
18		4980.00		0.5000		4.8258		5030.00		88.3000		48.0100		82.60		0.000063		0.000067		0.000022		0.000029
17		5140.00		0.4800		4.8229		5150.00		87.6000		48.2200		86.10		0.000061		0.000067		0.000022		0.000029
16		5263.00		0.4700		4.8206		5282.00		87.6000		47.9630		82.60		0.000058		0.000063		0.000022		0.000029
15		5154.00		0.4700		4.8133		5227.00		88.3000		46.6890		84.30		0.000058		0.000065		0.000023		0.000030
14		5336.00		0.4600		4.8155		5373.00		87.6000		48.5580		82.80		0.000059		0.000063		0.000023		0.000030
13		5508.00		0.4500		4.8022		5522.00		88.3000		48.2180		86.80		0.000060		0.000062		0.000023		0.000030
12		5663.00		0.4300		4.7985		5675.00		87.6000		45.5430		86.80		0.000056		0.000059		0.000023		0.000029
11		5877.00		0.4100		4.8037		5842.00		87.6000		46.9870		85.10		0.000050		0.000057		0.000023		0.000029
10		5597.00		0.4400		4.7918		5621.00		88.3000		45.1180		88.10		0.000055		0.000062		0.000024		0.000031
9		5735.00		0.4400		4.7999		5794.00		88.3000		48.2180		86.60		0.000054		0.000062		0.000024		0.000030
8		5959.00		0.4400		4.7970		5992.00		87.6000		48.3450		87.70		0.000054		0.000061		0.000024		0.000030
7		6151.00		0.4300		4.7941		6173.00		88.3000		48.2180		91.00		0.000055		0.000058		0.000024		0.000030
6		6384.00		0.4300		4.7918		6405.00		87.6000		48.1750		86.00		0.000051		0.000055		0.000024		0.000030
5		5344.00		0.4800		4.7800		5374.00		87.6000		45.0760		85.60		0.000058		0.000067		0.000028		0.000035
4		5638.00		0.4400		4.7867		5622.00		88.3000		48.6850		82.50		0.000053		0.000063		0.000027		0.000033
3		5880.00		0.4300		4.7852		5889.00		87.6000		48.4730		88.80		0.000049		0.000055		0.000026		0.000033
2		6173.00		0.4000		4.7844		6196.00		88.3000		48.6000		86.20		0.000043		0.000049		0.000026		0.000032
1		6548.00		0.3500		4.7785		6553.00		87.6000		48.9820		79.50		0.000037		0.000042		0.000025		0.000031
0		6999.00		0.3500		4.7815		6981.00		87.6000		44.4390		81.60		0.000035		0.000041		0.000024		0.000030
