R1		Freq_tr(Hz)	V_tr(V)		DC_tr(V)	Freq_sq(Hz)	V_sq(V)		DC_sq(V)	Phase(deg)	t_rise_tr(s)	t_fall_tr(s)	t_rise_sq(s)	t_fall_sq(s)
255		1734.30		1.5300		4.6624		1730.10		8.9700		4.7060		84.80		0.000199		0.000235		0.000022		0.000026
254		1727.10		1.5300		4.6646		1733.10		8.9000		4.6940		84.50		0.000202		0.000233		0.000022		0.000026
253		1734.30		1.5200		4.6653		1736.70		8.9700		4.7190		84.10		0.000203		0.000233		0.000022		0.000026
252		1737.30		1.5200		4.6682		1740.30		8.9000		4.7110		85.20		0.000204		0.000233		0.000022		0.000026
251		1742.80		1.5200		4.6668		1742.20		8.9700		4.7060		83.70		0.000204		0.000233		0.000022		0.000026
250		1746.40		1.5200		4.6675		1746.40		8.9700		4.7020		85.00		0.000203		0.000232		0.000022		0.000026
249		1746.40		1.5300		4.6712		1747.00		8.9700		4.7020		84.10		0.000202		0.000233		0.000022		0.000026
248		1758.10		1.5100		4.6726		1753.20		8.9000		4.7060		85.30		0.000202		0.000232		0.000022		0.000026
247		1748.90		1.5200		4.6726		1756.90		8.9700		4.6850		84.80		0.000203		0.000233		0.000022		0.000026
246		1758.70		1.5300		4.6748		1757.50		8.9000		4.7150		85.20		0.000198		0.000230		0.000022		0.000026
245		1774.90		1.5100		4.6770		1761.20		8.9000		4.7020		84.10		0.000202		0.000231		0.000022		0.000026
244		1761.20		1.5000		4.6770		1764.90		8.9000		4.6720		83.30		0.000200		0.000228		0.000022		0.000026
243		1771.80		1.5000		4.6785		1766.80		8.9000		4.7110		83.90		0.000202		0.000228		0.000022		0.000026
242		1770.50		1.5200		4.6807		1770.50		8.9000		4.6940		84.40		0.000200		0.000229		0.000022		0.000026
241		1776.80		1.5000		4.6814		1771.80		8.9000		4.7060		84.50		0.000197		0.000230		0.000022		0.000026
240		1778.10		1.5000		4.6829		1777.50		8.9700		4.6980		83.90		0.000197		0.000226		0.000022		0.000026
239		1778.70		1.5000		4.6843		1779.40		8.9000		4.6980		85.80		0.000198		0.000225		0.000022		0.000026
238		1786.40		1.4900		4.6858		1783.20		8.9000		4.7060		85.50		0.000199		0.000226		0.000022		0.000026
237		1788.90		1.4900		4.6873		1788.30		8.9000		4.6980		85.60		0.000196		0.000227		0.000022		0.000026
236		1788.90		1.4900		4.6894		1790.80		8.9700		4.6980		85.50		0.000195		0.000224		0.000022		0.000026
235		1795.30		1.4700		4.6909		1794.00		8.9700		4.7110		86.40		0.000196		0.000223		0.000022		0.000026
234		1796.60		1.4700		4.6916		1797.90		8.9700		4.6980		84.90		0.000195		0.000224		0.000022		0.000026
233		1801.80		1.4700		4.6938		1802.50		8.9000		4.7020		84.90		0.000194		0.000224		0.000022		0.000026
232		1808.30		1.4600		4.6953		1805.70		8.9000		4.7020		85.50		0.000196		0.000224		0.000022		0.000026
231		1811.60		1.4700		4.6968		1808.30		8.9700		4.6980		83.40		0.000191		0.000221		0.000022		0.000026
230		1810.30		1.4600		4.6982		1809.60		8.9000		4.6980		85.00		0.000194		0.000222		0.000022		0.000026
229		1814.20		1.4500		4.6997		1816.20		8.9000		4.7060		84.80		0.000195		0.000221		0.000022		0.000026
228		1819.50		1.4600		4.7011		1820.20		8.9700		4.7060		83.70		0.000195		0.000222		0.000022		0.000026
227		1820.80		1.4500		4.7026		1823.50		8.9000		4.7020		84.40		0.000193		0.000221		0.000022		0.000026
226		1826.20		1.4500		4.7048		1826.80		8.9000		4.7060		83.70		0.000190		0.000219		0.000022		0.000026
225		1830.20		1.4400		4.7070		1830.80		8.9000		4.7060		84.50		0.000191		0.000221		0.000022		0.000026
224		1838.90		1.4600		4.7070		1833.50		8.9000		4.7020		84.80		0.000188		0.000218		0.000022		0.000026
223		1840.30		1.4400		4.7077		1838.20		8.9000		4.6890		85.40		0.000190		0.000217		0.000022		0.000026
222		1839.60		1.4300		4.7099		1840.90		8.9000		4.6940		85.70		0.000189		0.000215		0.000022		0.000026
221		1851.20		1.4300		4.7114		1844.30		8.9000		4.7060		83.10		0.000189		0.000217		0.000022		0.000026
220		1843.70		1.4300		4.7121		1850.50		8.9000		4.6890		83.80		0.000190		0.000212		0.000022		0.000026
219		1854.60		1.4300		4.7143		1853.20		8.9000		4.7150		86.10		0.000187		0.000216		0.000022		0.000026
218		1858.70		1.4300		4.7158		1857.40		8.9700		4.7020		84.70		0.000189		0.000215		0.000022		0.000026
217		1853.20		1.4300		4.7172		1860.80		8.9000		4.6980		83.90		0.000187		0.000213		0.000022		0.000026
216		1865.00		1.4000		4.7180		1866.40		8.9700		4.7190		84.30		0.000188		0.000214		0.000022		0.000026
215		1866.40		1.4200		4.7194		1867.10		8.9000		4.7020		85.00		0.000187		0.000216		0.000022		0.000026
214		1870.60		1.4200		4.7202		1872.70		8.9000		4.7020		85.30		0.000187		0.000212		0.000022		0.000026
213		1876.20		1.4200		4.7223		1876.20		8.9700		4.7060		84.80		0.000188		0.000214		0.000022		0.000026
212		1885.00		1.4200		4.7245		1881.00		8.9700		4.7020		84.00		0.000187		0.000213		0.000022		0.000026
211		1885.00		1.3900		4.7245		1886.00		8.9000		4.6940		84.40		0.000184		0.000214		0.000022		0.000026
210		1888.00		1.4000		4.7260		1888.00		8.9000		4.7020		86.30		0.000189		0.000214		0.000022		0.000026
209		1895.00		1.4200		4.7267		1893.00		8.9000		4.7020		84.50		0.000186		0.000215		0.000022		0.000026
208		1894.00		1.4000		4.7297		1895.00		8.9000		4.6980		85.30		0.000187		0.000211		0.000022		0.000026
207		1902.00		1.3900		4.7297		1900.00		8.9000		4.7060		85.30		0.000186		0.000212		0.000022		0.000026
206		1905.00		1.3900		4.7326		1906.00		8.9700		4.6980		84.90		0.000182		0.000211		0.000022		0.000026
205		1900.00		1.3900		4.7340		1908.00		8.9000		4.6980		85.10		0.000186		0.000210		0.000022		0.000026
204		1912.00		1.3700		4.7355		1913.00		8.9700		4.7190		83.20		0.000182		0.000209		0.000022		0.000026
203		1921.00		1.3700		4.7362		1916.00		8.9000		4.7060		85.20		0.000184		0.000209		0.000022		0.000026
202		1925.00		1.3800		4.7377		1921.00		8.9000		4.6940		84.10		0.000184		0.000210		0.000022		0.000026
201		1925.00		1.3700		4.7399		1925.00		8.9000		4.6940		86.10		0.000186		0.000211		0.000022		0.000026
200		1930.00		1.3700		4.7399		1928.00		8.9000		4.7020		86.10		0.000180		0.000208		0.000022		0.000026
199		1938.00		1.3600		4.7421		1933.00		8.9000		4.7020		85.10		0.000183		0.000211		0.000022		0.000026
198		1936.00		1.3700		4.7428		1938.00		8.9700		4.6940		85.40		0.000179		0.000207		0.000022		0.000026
197		1947.00		1.3500		4.7443		1942.00		8.9700		4.7060		86.20		0.000182		0.000211		0.000022		0.000026
196		1946.00		1.3500		4.7465		1946.00		8.9000		4.6940		85.20		0.000181		0.000209		0.000022		0.000026
195		1952.00		1.3600		4.7472		1952.00		8.9000		4.7060		83.20		0.000179		0.000204		0.000022		0.000026
194		1950.00		1.3500		4.7509		1954.00		8.9000		4.6980		83.90		0.000177		0.000204		0.000022		0.000026
193		1957.00		1.3500		4.7509		1959.00		8.9000		4.7110		85.60		0.000177		0.000202		0.000022		0.000026
192		1967.00		1.3500		4.7523		1963.00		8.9000		4.7060		85.40		0.000179		0.000200		0.000022		0.000026
191		1969.00		1.3500		4.7531		1968.00		8.9000		4.6940		85.30		0.000176		0.000201		0.000022		0.000026
190		1971.00		1.3300		4.7552		1971.00		8.9700		4.7020		84.50		0.000177		0.000201		0.000022		0.000026
189		1979.00		1.3300		4.7552		1976.00		8.9700		4.7020		84.70		0.000176		0.000203		0.000022		0.000026
188		1986.00		1.3300		4.7574		1980.00		8.9000		4.6980		85.50		0.000176		0.000202		0.000022		0.000026
187		1984.00		1.3200		4.7589		1984.00		8.9700		4.6890		84.10		0.000174		0.000199		0.000022		0.000026
186		1988.00		1.3300		4.7604		1989.00		8.9000		4.7020		86.10		0.000174		0.000200		0.000022		0.000026
185		1994.00		1.3300		4.7611		1994.00		8.9700		4.7060		86.50		0.000174		0.000200		0.000022		0.000026
184		2002.00		1.3200		4.7640		1997.00		8.8300		4.7020		84.60		0.000174		0.000196		0.000022		0.000026
183		1997.00		1.3100		4.7648		2001.00		8.9000		4.6940		85.70		0.000170		0.000198		0.000022		0.000026
182		2004.00		1.3100		4.7669		2006.00		8.9000		4.7110		85.30		0.000175		0.000197		0.000022		0.000026
181		2017.00		1.3100		4.7669		2011.00		8.9000		4.7060		85.00		0.000171		0.000196		0.000022		0.000026
180		2019.00		1.3200		4.7684		2016.00		8.9700		4.6940		83.30		0.000172		0.000195		0.000022		0.000026
179		2017.00		1.3000		4.7706		2019.00		8.9000		4.6980		85.70		0.000176		0.000195		0.000022		0.000026
178		2025.00		1.3000		4.7721		2025.00		8.9000		4.7110		85.10		0.000173		0.000195		0.000022		0.000026
177		2022.00		1.3100		4.7728		2030.00		8.9000		4.7020		86.10		0.000170		0.000194		0.000022		0.000026
176		2033.00		1.3000		4.7750		2033.00		8.9000		4.7190		84.70		0.000170		0.000196		0.000022		0.000026
175		2042.00		1.3100		4.7757		2039.00		8.9700		4.7060		84.70		0.000173		0.000194		0.000022		0.000026
174		2038.00		1.2900		4.7772		2046.00		8.9700		4.6980		84.50		0.000174		0.000196		0.000022		0.000026
173		2052.00		1.3000		4.7794		2049.00		8.9000		4.7150		85.40		0.000173		0.000197		0.000022		0.000026
172		2054.00		1.2800		4.7786		2053.00		8.9000		4.6940		85.90		0.000172		0.000195		0.000022		0.000026
171		2065.00		1.2800		4.7816		2060.00		8.9000		4.7020		83.80		0.000171		0.000192		0.000022		0.000026
170		2067.00		1.2800		4.7816		2064.00		8.9700		4.6890		86.20		0.000174		0.000197		0.000022		0.000026
169		2064.00		1.2800		4.7838		2068.00		8.9000		4.6980		85.00		0.000170		0.000193		0.000022		0.000026
168		2077.00		1.2600		4.7860		2071.00		8.9700		4.7110		85.20		0.000170		0.000194		0.000022		0.000026
167		2082.00		1.2800		4.7860		2080.00		8.9700		4.6940		84.90		0.000168		0.000194		0.000022		0.000026
166		2082.00		1.2600		4.7882		2084.00		8.9000		4.6980		84.70		0.000169		0.000190		0.000022		0.000026
165		2089.00		1.2600		4.7882		2089.00		8.9000		4.7060		84.50		0.000167		0.000194		0.000022		0.000026
164		2083.00		1.2500		4.7903		2095.00		8.9000		4.7020		84.80		0.000167		0.000191		0.000022		0.000026
163		2099.00		1.2500		4.7918		2097.00		8.9000		4.7230		85.50		0.000167		0.000189		0.000022		0.000026
162		2102.00		1.2500		4.7940		2104.00		8.9000		4.7020		85.60		0.000167		0.000189		0.000022		0.000026
161		2106.00		1.2500		4.7947		2109.00		8.9700		4.7060		85.50		0.000168		0.000189		0.000022		0.000026
160		2111.00		1.2500		4.7955		2114.00		8.9000		4.7110		85.40		0.000167		0.000187		0.000022		0.000026
159		2126.00		1.2400		4.7969		2121.00		8.8300		4.7110		84.90		0.000165		0.000186		0.000022		0.000026
158		2123.00		1.2400		4.7969		2122.00		8.9000		4.6890		84.80		0.000164		0.000187		0.000022		0.000026
157		2129.00		1.2400		4.7991		2131.00		8.8300		4.7060		84.40		0.000169		0.000188		0.000022		0.000026
156		2136.00		1.2400		4.8006		2136.00		8.8300		4.7060		85.00		0.000161		0.000187		0.000022		0.000026
155		2144.00		1.2300		4.8020		2142.00		8.8300		4.7020		84.50		0.000160		0.000184		0.000022		0.000026
154		2151.00		1.2300		4.8028		2146.00		8.9000		4.6980		85.60		0.000161		0.000186		0.000022		0.000026
153		2152.00		1.2300		4.8050		2153.00		8.9000		4.6980		86.30		0.000164		0.000185		0.000022		0.000026
152		2151.00		1.2300		4.8050		2157.00		8.9000		4.7020		84.80		0.000162		0.000184		0.000022		0.000026
151		2165.00		1.2200		4.8064		2165.00		8.8300		4.7150		83.60		0.000160		0.000184		0.000022		0.000026
150		2163.00		1.2200		4.8079		2167.00		8.8300		4.7020		85.40		0.000160		0.000181		0.000022		0.000026
149		2175.00		1.2000		4.8101		2177.00		8.8300		4.7150		84.10		0.000158		0.000184		0.000022		0.000026
148		2187.00		1.2000		4.8115		2181.00		8.9000		4.7060		84.80		0.000159		0.000179		0.000022		0.000026
147		2183.00		1.2000		4.8123		2186.00		8.8300		4.6890		85.40		0.000159		0.000180		0.000022		0.000026
146		2196.00		1.2000		4.8145		2192.00		8.9000		4.7110		85.40		0.000158		0.000179		0.000022		0.000026
145		2198.00		1.1800		4.8137		2199.00		8.8300		4.6980		84.40		0.000154		0.000181		0.000022		0.000026
144		2208.00		1.1800		4.8159		2207.00		8.8300		4.7060		84.60		0.000155		0.000179		0.000022		0.000026
143		2206.00		1.1800		4.8167		2209.00		8.8300		4.6980		84.00		0.000152		0.000174		0.000022		0.000026
142		2212.00		1.1800		4.8189		2217.00		8.8300		4.7150		83.50		0.000153		0.000176		0.000022		0.000026
141		2219.00		1.2000		4.8211		2224.00		8.8300		4.7150		86.60		0.000158		0.000176		0.000022		0.000026
140		2232.00		1.1800		4.8211		2232.00		8.8300		4.7110		86.70		0.000156		0.000179		0.000022		0.000026
139		2237.00		1.1700		4.8218		2236.00		8.8300		4.6980		87.10		0.000155		0.000178		0.000022		0.000027
138		2244.00		1.1700		4.8232		2245.00		8.9000		4.7020		85.30		0.000157		0.000175		0.000022		0.000026
137		2251.00		1.1800		4.8247		2249.00		8.9000		4.7020		84.70		0.000157		0.000177		0.000022		0.000026
136		2257.00		1.1700		4.8254		2255.00		8.9700		4.6980		84.40		0.000154		0.000175		0.000022		0.000026
135		2267.00		1.1600		4.8262		2263.00		8.8300		4.7020		85.40		0.000154		0.000175		0.000022		0.000026
134		2270.00		1.1600		4.8276		2271.00		8.9700		4.6980		85.70		0.000154		0.000174		0.000022		0.000026
133		2280.00		1.1600		4.8306		2279.00		8.8300		4.7060		84.50		0.000155		0.000176		0.000022		0.000026
132		2282.00		1.1500		4.8298		2281.00		8.8300		4.6980		84.50		0.000154		0.000172		0.000022		0.000026
131		2293.00		1.1500		4.8320		2288.00		8.9000		4.7110		84.20		0.000151		0.000172		0.000022		0.000026
130		2295.00		1.1500		4.8313		2299.00		8.9000		4.7020		84.70		0.000154		0.000172		0.000022		0.000026
129		2311.00		1.1300		4.8342		2305.00		8.8300		4.7150		84.10		0.000150		0.000173		0.000022		0.000026
128		2315.00		1.1200		4.8335		2315.00		8.8300		4.6980		84.20		0.000150		0.000168		0.000022		0.000026
127		2322.00		1.1300		4.8349		2323.00		8.8300		4.7060		84.70		0.000148		0.000170		0.000022		0.000026
126		2334.00		1.1200		4.8364		2327.00		8.8300		4.7060		84.90		0.000148		0.000170		0.000022		0.000026
125		2349.00		1.1200		4.8371		2339.00		8.9000		4.7020		85.60		0.000150		0.000167		0.000022		0.000026
124		2336.00		1.1200		4.8371		2346.00		8.8300		4.6890		85.70		0.000145		0.000170		0.000022		0.000026
123		2360.00		1.1100		4.8393		2354.00		8.8300		4.7280		84.40		0.000147		0.000167		0.000022		0.000026
122		2352.00		1.1100		4.8379		2362.00		8.9000		4.6980		85.80		0.000148		0.000169		0.000022		0.000026
121		2370.00		1.0900		4.8415		2371.00		8.9000		4.7230		84.60		0.000146		0.000162		0.000022		0.000027
120		2373.00		1.1000		4.8408		2380.00		8.8300		4.7110		86.10		0.000144		0.000166		0.000022		0.000026
119		2395.00		1.1000		4.8430		2388.00		8.8300		4.7190		84.70		0.000144		0.000163		0.000022		0.000026
118		2389.00		1.0900		4.8423		2399.00		8.8300		4.7020		82.90		0.000144		0.000163		0.000022		0.000027
117		2397.00		1.0900		4.8437		2407.00		8.8300		4.7230		85.10		0.000141		0.000159		0.000022		0.000026
116		2414.00		1.0800		4.8452		2417.00		8.8300		4.7230		85.90		0.000140		0.000163		0.000022		0.000026
115		2424.00		1.0800		4.8459		2427.00		8.8300		4.7110		84.70		0.000138		0.000160		0.000022		0.000026
114		2437.00		1.0800		4.8452		2438.00		8.8300		4.7150		84.60		0.000141		0.000157		0.000022		0.000026
113		2450.00		1.0800		4.8466		2447.00		8.9000		4.7110		84.60		0.000141		0.000157		0.000022		0.000026
112		2451.00		1.0500		4.8474		2455.00		8.9000		4.6980		84.70		0.000137		0.000158		0.000022		0.000026
111		2462.00		1.0600		4.8481		2467.00		8.8300		4.7150		84.80		0.000138		0.000157		0.000022		0.000026
110		2475.00		1.0600		4.8481		2476.00		8.8300		4.7190		85.10		0.000139		0.000158		0.000022		0.000026
109		2486.00		1.0400		4.8488		2489.00		8.8300		4.7150		84.90		0.000139		0.000160		0.000022		0.000026
108		2504.00		1.0400		4.8503		2499.00		8.9000		4.7150		85.60		0.000139		0.000158		0.000022		0.000026
107		2504.50		1.0500		4.8496		2511.00		8.9000		4.7022		84.20		0.000138		0.000157		0.000022		0.000026
106		2518.10		1.0400		4.8503		2523.20		8.9000		4.7191		85.50		0.000137		0.000158		0.000022		0.000026
105		2530.40		1.0400		4.8510		2531.90		8.9000		4.7191		85.50		0.000136		0.000157		0.000022		0.000026
104		2550.00		1.0200		4.8510		2546.30		8.8300		4.7191		86.00		0.000138		0.000154		0.000022		0.000026
103		2569.30		1.0200		4.8518		2558.30		8.8300		4.7064		85.50		0.000138		0.000155		0.000022		0.000026
102		2566.20		1.0200		4.8510		2571.50		8.9000		4.6979		84.90		0.000134		0.000150		0.000022		0.000026
101		2578.90		1.0200		4.8518		2578.40		8.9000		4.7149		85.70		0.000135		0.000152		0.000022		0.000026
100		2598.70		1.0200		4.8525		2594.90		8.8300		4.7191		85.40		0.000134		0.000149		0.000022		0.000026
99		2614.00		0.9900		4.8518		2609.10		8.8300		4.7064		85.90		0.000132		0.000145		0.000022		0.000026
98		2634.30		0.9900		4.8532		2622.10		8.9000		4.7064		85.10		0.000129		0.000147		0.000022		0.000027
97		2622.20		0.9800		4.8525		2636.60		8.9000		4.6979		85.00		0.000130		0.000148		0.000022		0.000026
96		2649.40		0.9800		4.8547		2646.60		8.8300		4.7319		83.20		0.000127		0.000143		0.000022		0.000026
95		2655.60		0.9800		4.8540		2662.90		8.8300		4.7107		85.60		0.000130		0.000144		0.000022		0.000026
94		2668.00		0.9800		4.8547		2676.60		8.8300		4.7234		83.70		0.000129		0.000144		0.000022		0.000026
93		2710.30		0.9600		4.8554		2690.50		8.9000		4.7276		85.60		0.000124		0.000143		0.000022		0.000026
92		2697.40		0.9600		4.8532		2708.50		8.8300		4.6937		84.40		0.000122		0.000140		0.000022		0.000026
91		2721.50		0.9600		4.8547		2718.60		8.8300		4.7276		86.30		0.000125		0.000141		0.000022		0.000026
90		2730.40		0.9600		4.8547		2735.20		8.8300		4.7107		84.50		0.000125		0.000139		0.000022		0.000026
89		2751.40		0.9600		4.8547		2749.00		8.8300		4.7191		84.20		0.000121		0.000139		0.000022		0.000026
88		2759.90		0.9500		4.8532		2769.10		8.8300		4.7149		84.90		0.000121		0.000140		0.000022		0.000026
87		2783.30		0.9400		4.8554		2784.00		8.8300		4.7276		83.40		0.000121		0.000140		0.000022		0.000026
86		2793.90		0.9400		4.8540		2797.00		8.9000		4.7107		83.30		0.000123		0.000142		0.000022		0.000026
85		2806.50		0.9200		4.8540		2814.00		8.8300		4.7234		85.60		0.000123		0.000138		0.000022		0.000026
84		2827.40		0.9200		4.8554		2831.30		8.9000		4.7319		84.60		0.000118		0.000138		0.000022		0.000027
83		2856.50		0.9100		4.8547		2849.30		8.9000		4.7234		84.00		0.000121		0.000135		0.000022		0.000026
82		2873.60		0.9000		4.8547		2868.90		8.9000		4.7107		86.70		0.000121		0.000137		0.000022		0.000026
81		2871.60		0.9000		4.8540		2878.90		8.8300		4.7022		84.00		0.000121		0.000134		0.000022		0.000027
80		2898.80		0.9000		4.8554		2900.20		8.9000		4.7319		86.20		0.000116		0.000137		0.000022		0.000027
79		2919.80		0.9000		4.8540		2921.90		8.9000		4.7234		83.60		0.000116		0.000130		0.000022		0.000027
78		2932.90		0.8900		4.8547		2945.30		8.9000		4.7191		85.10		0.000115		0.000133		0.000022		0.000027
77		2954.30		0.8900		4.8540		2962.00		8.9000		4.7319		85.90		0.000113		0.000129		0.000022		0.000026
76		2978.00		0.8700		4.8547		2970.50		8.9000		4.7149		86.40		0.000114		0.000129		0.000022		0.000027
75		2980.00		0.8800		4.8547		2993.00		8.8300		4.7149		84.20		0.000111		0.000125		0.000022		0.000027
74		3024.00		0.8700		4.8554		3015.00		8.9000		4.7404		84.10		0.000111		0.000124		0.000022		0.000027
73		3043.00		0.8500		4.8540		3038.00		8.8300		4.7107		84.60		0.000109		0.000123		0.000022		0.000027
72		3064.00		0.8400		4.8532		3059.00		8.9000		4.7149		84.30		0.000108		0.000122		0.000022		0.000027
71		3080.00		0.8400		4.8518		3073.00		8.8300		4.7022		82.40		0.000108		0.000123		0.000022		0.000027
70		3084.00		0.8400		4.8518		3092.00		8.8300		4.7064		84.00		0.000108		0.000119		0.000022		0.000027
69		3094.00		0.8300		4.8547		3118.00		8.8300		4.7319		86.20		0.000106		0.000119		0.000022		0.000027
68		3157.00		0.8300		4.8540		3140.00		8.8300		4.7531		86.60		0.000107		0.000119		0.000022		0.000027
67		3168.00		0.8200		4.8532		3168.00		8.8300		4.7022		84.30		0.000107		0.000122		0.000022		0.000026
66		3165.00		0.8200		4.8569		3175.00		8.8300		4.7022		85.20		0.000109		0.000118		0.000022		0.000027
65		3203.00		0.8100		4.8540		3203.00		8.8300		4.7404		83.70		0.000107		0.000119		0.000022		0.000027
64		3226.00		0.8100		4.8532		3230.00		8.8300		4.7234		85.60		0.000106		0.000118		0.000022		0.000027
63		3238.00		0.8000		4.8540		3256.00		8.8300		4.7276		83.00		0.000102		0.000117		0.000022		0.000027
62		3287.00		0.8000		4.8532		3283.00		8.8300		4.7446		84.80		0.000102		0.000115		0.000022		0.000027
61		3283.00		0.7800		4.8532		3290.00		8.8300		4.6979		85.60		0.000102		0.000117		0.000022		0.000027
60		3342.00		0.7700		4.8532		3322.00		8.8300		4.7404		82.80		0.000101		0.000116		0.000022		0.000027
59		3360.00		0.7800		4.8518		3349.00		8.8300		4.6979		82.70		0.000098		0.000113		0.000022		0.000027
58		3377.00		0.7700		4.8510		3378.00		8.8300		4.7107		86.00		0.000098		0.000110		0.000022		0.000027
57		3403.00		0.7600		4.8525		3406.00		8.8300		4.7276		85.90		0.000095		0.000110		0.000022		0.000027
56		3423.00		0.7600		4.8510		3417.00		8.8300		4.7064		86.20		0.000097		0.000114		0.000022		0.000027
55		3446.00		0.7600		4.8510		3446.00		8.8300		4.7149		86.00		0.000093		0.000105		0.000022		0.000027
54		3479.00		0.7400		4.8510		3477.00		8.8300		4.7234		83.50		0.000094		0.000107		0.000022		0.000027
53		3532.00		0.7400		4.8510		3509.00		8.8300		4.7276		86.30		0.000094		0.000108		0.000022		0.000027
52		3561.00		0.7400		4.8503		3538.00		8.8300		4.7022		83.40		0.000093		0.000106		0.000022		0.000027
51		3536.00		0.7100		4.8496		3570.00		8.9000		4.7022		84.60		0.000091		0.000101		0.000022		0.000027
50		3602.00		0.7400		4.8525		3577.00		8.8300		4.7404		85.00		0.000091		0.000100		0.000022		0.000027
49		3619.00		0.7100		4.8510		3616.00		8.8300		4.7022		86.20		0.000089		0.000103		0.000022		0.000027
48		3648.00		0.7100		4.8518		3646.00		8.8300		4.7234		86.20		0.000089		0.000103		0.000022		0.000027
47		3696.00		0.7000		4.8503		3684.00		8.9000		4.7319		85.80		0.000088		0.000102		0.000022		0.000027
46		3703.00		0.6900		4.8481		3721.00		8.8300		4.7149		86.30		0.000089		0.000100		0.000022		0.000027
45		3726.00		0.7000		4.8496		3718.00		8.9000		4.7149		84.70		0.000089		0.000100		0.000022		0.000027
44		3725.00		0.6900		4.8496		3759.00		8.9000		4.7276		85.10		0.000089		0.000098		0.000022		0.000028
43		3828.00		0.6700		4.8510		3797.00		8.8300		4.7701		83.80		0.000085		0.000098		0.000022		0.000027
42		3811.00		0.6700		4.8474		3834.00		8.8300		4.6980		85.30		0.000085		0.000098		0.000022		0.000027
41		3884.00		0.6600		4.8503		3874.00		8.8300		4.7574		85.10		0.000083		0.000096		0.000022		0.000027
40		3890.00		0.6400		4.8474		3873.00		8.8300		4.6810		84.00		0.000085		0.000097		0.000022		0.000028
39		3927.00		0.6700		4.8488		3917.00		8.8300		4.7230		85.30		0.000082		0.000093		0.000022		0.000028
38		3944.00		0.6400		4.8488		3959.00		8.8300		4.7230		85.60		0.000083		0.000093		0.000022		0.000027
37		3987.00		0.6400		4.8474		4001.00		8.8300		4.7530		84.60		0.000083		0.000093		0.000022		0.000028
36		4022.00		0.6300		4.8481		4040.00		8.9000		4.7490		82.30		0.000080		0.000089		0.000022		0.000028
35		4049.00		0.6400		4.8466		4049.00		8.8300		4.7190		85.00		0.000078		0.000089		0.000022		0.000028
34		4088.00		0.6200		4.8474		4092.00		8.8300		4.7360		84.60		0.000078		0.000087		0.000022		0.000028
33		4162.00		0.6200		4.8481		4139.00		8.8300		4.7400		85.70		0.000076		0.000086		0.000022		0.000028
32		4227.00		0.6100		4.8459		4189.00		8.8300		4.7190		85.60		0.000075		0.000088		0.000022		0.000028
31		4265.00		0.6000		4.8452		4240.00		8.8300		4.7060		84.30		0.000072		0.000084		0.000022		0.000028
30		4233.00		0.6000		4.8430		4230.00		8.8300		4.6510		84.10		0.000075		0.000085		0.000022		0.000028
29		4285.00		0.6000		4.8452		4281.00		8.8300		4.7320		84.10		0.000077		0.000082		0.000022		0.000028
28		4316.00		0.5800		4.8459		4331.00		8.8300		4.7320		80.90		0.000077		0.000085		0.000022		0.000029
27		4374.00		0.5700		4.8459		4388.00		8.8300		4.7530		83.70		0.000074		0.000083		0.000022		0.000028
26		4444.00		0.5600		4.8444		4439.00		8.8300		4.7530		83.30		0.000071		0.000080		0.000022		0.000028
25		4401.00		0.5600		4.8423		4443.00		8.9000		4.6890		84.50		0.000072		0.000080		0.000022		0.000029
24		4521.00		0.5600		4.8430		4534.00		8.8300		4.8040		86.40		0.000070		0.000082		0.000023		0.000029
23		4602.00		0.5500		4.8408		4618.00		8.8300		4.7790		83.10		0.000070		0.000078		0.000022		0.000029
22		4717.00		0.5300		4.8386		4715.00		8.8300		4.7830		84.10		0.000068		0.000075		0.000022		0.000029
21		4819.00		0.5100		4.8349		4815.00		8.9000		4.7740		81.70		0.000063		0.000072		0.000023		0.000029
20		4839.00		0.5100		4.8284		4815.00		8.8300		4.6890		85.60		0.000066		0.000073		0.000023		0.000029
19		4954.00		0.5000		4.8284		4925.00		8.8300		4.7620		84.10		0.000061		0.000069		0.000023		0.000029
18		5034.00		0.5000		4.8247		5040.00		8.7600		4.7570		82.80		0.000059		0.000068		0.000023		0.000029
17		5106.00		0.4900		4.8254		5160.00		8.8300		4.7913		79.60		0.000062		0.000063		0.000023		0.000029
16		5249.00		0.4700		4.8210		5290.00		8.8300		4.8211		85.40		0.000054		0.000063		0.000022		0.000029
15		5196.00		0.4700		4.8145		5231.00		8.8300		4.6809		81.30		0.000058		0.000063		0.000023		0.000030
14		5384.00		0.4700		4.8174		5375.00		8.7600		4.8253		87.20		0.000059		0.000064		0.000023		0.000030
13		5547.00		0.4600		4.8145		5521.00		8.9000		4.7998		85.40		0.000058		0.000062		0.000023		0.000030
12		5710.00		0.4400		4.8116		5677.00		8.7600		4.7871		81.90		0.000055		0.000060		0.000023		0.000030
11		5878.00		0.4200		4.8006		5864.00		8.7600		4.7913		87.50		0.000053		0.000058		0.000023		0.000029
10		5640.00		0.4700		4.7933		5624.00		8.8300		4.5196		83.00		0.000057		0.000063		0.000024		0.000031
9		5803.00		0.4600		4.7999		5795.00		8.8300		4.7956		86.70		0.000054		0.000060		0.000024		0.000031
8		6074.00		0.4300		4.7984		5977.00		8.9000		4.8041		85.50		0.000056		0.000058		0.000024		0.000030
7		6155.00		0.4200		4.7940		6207.00		8.9000		4.7701		89.80		0.000060		0.000056		0.000024		0.000030
6		6364.00		0.4100		4.7947		6392.00		8.9000		4.8295		88.60		0.000052		0.000056		0.000024		0.000030
5		5341.00		0.4700		4.7801		5375.00		8.8300		4.5026		89.60		0.000059		0.000065		0.000028		0.000035
4		5605.00		0.4400		4.7889		5618.00		8.8300		4.8720		86.20		0.000053		0.000065		0.000027		0.000034
3		5878.00		0.4200		4.7881		5895.00		8.7600		4.8720		86.00		0.000048		0.000058		0.000027		0.000033
2		6127.00		0.4000		4.7852		6207.00		8.9000		4.8635		86.80		0.000044		0.000053		0.000026		0.000032
1		6549.00		0.3600		4.7874		6562.00		8.7600		4.8423		82.90		0.000039		0.000044		0.000025		0.000031
0		6987.00		0.3400		4.7867		6960.00		8.7600		4.5578		84.80		0.000035		0.000042		0.000024		0.000030
