R1		Freq_tr(Hz)	V_tr(V)		DC_tr(V)	Freq_sq(Hz)	V_sq(V)		DC_sq(V)	Phase(deg)	t	rise_tr(s)		fall_tr(s)		rise_sq(s)		fall_sq(s)
255		1728.90		1.5300		4.6632		1731.90		8.9700		4.7010		85.20		0.000203		0.000229		0.000022		0.000026
254		1733.10		1.5200		4.6654		1734.90		8.9000		4.7050		85.30		0.000203		0.000233		0.000022		0.000026
253		1736.70		1.5200		4.6654		1736.10		8.9700		4.7010		85.50		0.000203		0.000232		0.000022		0.000026
252		1734.30		1.5300		4.6676		1739.10		8.9700		4.7010		84.20		0.000204		0.000231		0.000022		0.000026
251		1744.00		1.5200		4.6690		1741.60		8.9000		4.7100		83.70		0.000202		0.000232		0.000022		0.000026
250		1749.50		1.5200		4.6712		1744.60		8.9000		4.6970		84.30		0.000203		0.000232		0.000022		0.000026
249		1747.00		1.5200		4.6720		1747.00		8.9000		4.6930		84.80		0.000203		0.000233		0.000022		0.000026
248		1751.90		1.5100		4.6727		1751.30		8.9700		4.7050		83.90		0.000203		0.000231		0.000022		0.000026
247		1758.70		1.5100		4.6756		1755.60		8.9700		4.7010		84.80		0.000200		0.000231		0.000022		0.000026
246		1752.50		1.5200		4.6763		1756.90		8.9700		4.6930		85.20		0.000202		0.000231		0.000022		0.000026
245		1760.60		1.5100		4.6771		1761.80		8.9700		4.7140		84.70		0.000200		0.000230		0.000022		0.000026
244		1759.30		1.5000		4.6778		1764.90		8.9000		4.7050		85.00		0.000199		0.000230		0.000022		0.000026
243		1767.40		1.5000		4.6815		1768.00		8.9000		4.7100		83.80		0.000202		0.000226		0.000022		0.000026
242		1770.50		1.5000		4.6822		1769.90		8.9700		4.7010		85.00		0.000198		0.000229		0.000022		0.000026
241		1780.00		1.4900		4.6837		1775.60		8.9700		4.7050		85.20		0.000197		0.000229		0.000022		0.000026
240		1776.80		1.4900		4.6844		1775.60		8.9700		4.6880		84.40		0.000200		0.000224		0.000022		0.000026
239		1781.90		1.4900		4.6866		1781.90		8.9000		4.7050		85.20		0.000196		0.000227		0.000022		0.000026
238		1783.80		1.4700		4.6873		1783.80		8.9000		4.7010		85.30		0.000197		0.000228		0.000022		0.000026
237		1787.60		1.4700		4.6888		1787.60		8.9000		4.7050		83.50		0.000197		0.000227		0.000022		0.000026
236		1788.30		1.4700		4.6910		1791.50		8.9700		4.7050		83.80		0.000196		0.000224		0.000022		0.000026
235		1794.70		1.4700		4.6932		1794.00		8.9000		4.7100		84.70		0.000197		0.000226		0.000022		0.000026
234		1805.10		1.4600		4.6939		1797.90		8.9000		4.7050		84.60		0.000195		0.000224		0.000022		0.000026
233		1804.40		1.4600		4.6946		1802.50		8.9000		4.6840		85.10		0.000192		0.000222		0.000022		0.000026
232		1803.80		1.4500		4.6961		1805.70		8.9000		4.6970		84.80		0.000193		0.000224		0.000022		0.000026
231		1815.50		1.4600		4.6990		1809.00		8.9000		4.7050		83.70		0.000193		0.000222		0.000022		0.000026
