Rf		Freq_tr(Hz)		V_tr(V)		DC_tr(V)		Freq_sq(Hz)		V_sq(V)		DC_sq(V)		Phase(deg)		t_rise_tr(s)		t_fall_tr(s)		t_rise_sq(s)		t_fall_sq(s)	top_tr(V)	base_tr(V)	top_sq(V)	base_sq(V)
255		467.80		7.8900		5.1331		467.20		8.4100		3.9333		120.00		0.001060		0.000683		0.000022		0.000025		8.7400		0.9100		8.6700		0.5100
250		470.30		7.8300		5.0920		469.70		8.4100		3.7150		119.70		0.001054		0.000686		0.000022		0.000026		8.8100		0.9800		8.6700		0.5100
245		472.60		7.7600		5.0920		472.60		8.3500		3.7430		118.90		0.001041		0.000686		0.000023		0.000026		8.8100		0.9100		8.6700		0.5100
240		474.60		7.8300		5.0920		475.50		8.2800		3.7720		118.90		0.001032		0.000686		0.000022		0.000026		8.7400		0.9100		8.6700		0.5100
235		478.40		7.8300		5.0960		478.60		8.3500		3.8040		118.00		0.001026		0.000687		0.000022		0.000026		8.7400		0.9100		8.6700		0.5100
230		481.90		7.8300		5.0920		481.70		8.4100		3.8160		117.50		0.001011		0.000686		0.000023		0.000026		8.8100		0.9100		8.6700		0.5100
225		484.30		7.8300		5.0960		484.70		8.3500		3.8360		116.70		0.001003		0.000686		0.000023		0.000026		8.7400		0.9800		8.6700		0.5100
220		487.50		7.8300		5.0920		487.50		8.2800		3.8610		116.60		0.000993		0.000694		0.000024		0.000026		8.7400		0.9100		8.6700		0.5100
215		491.00		7.8300		5.0920		490.80		8.2800		3.8890		115.80		0.000979		0.000684		0.000023		0.000027		8.8100		0.9800		8.6700		0.5100
210		493.50		7.8300		5.0960		494.10		8.3500		3.9050		115.30		0.000966		0.000686		0.000024		0.000027		8.7400		0.9100		8.7000		0.5100
205		498.00		7.7600		5.0960		497.40		8.3500		3.9370		114.90		0.000970		0.000682		0.000025		0.000028		8.7400		0.9100		8.7000		0.5100
200		501.40		7.8300		5.0960		500.60		8.3500		3.9540		114.10		0.000945		0.000693		0.000024		0.000027		8.7400		0.9800		8.6700		0.5100
195		504.20		7.8900		5.0958		504.00		8.3500		3.9738		113.40		0.000931		0.000686		0.000024		0.000028		8.7400		0.9100		8.7300		0.5100
190		507.90		7.7600		5.0958		507.50		8.3500		4.0062		111.30		0.000912		0.000678		0.000024		0.000027		8.7400		0.9100		8.6700		0.5100
185		510.30		7.8300		5.0958		510.90		8.2800		4.0264		112.30		0.000908		0.000682		0.000024		0.000027		8.8100		0.9100		8.7300		0.5100
180		514.50		7.8300		5.0999		514.40		8.3500		4.0628		111.80		0.000894		0.000684		0.000025		0.000027		8.7400		0.9800		8.6700		0.5100
175		517.80		7.7600		5.0958		518.00		8.3500		4.0830		111.10		0.000896		0.000684		0.000025		0.000027		8.7400		0.9100		8.6700		0.5100
170		521.30		7.8300		5.0958		521.60		8.3500		4.1113		110.50		0.000872		0.000686		0.000025		0.000027		8.7400		0.9800		8.6700		0.5100
165		525.20		7.7600		5.0999		525.10		8.3500		4.1396		110.20		0.000856		0.000675		0.000025		0.000028		8.7400		0.9100		8.6700		0.5100
160		528.70		7.8300		5.0999		528.90		8.3500		4.1639		109.70		0.000843		0.000685		0.000025		0.000027		8.7400		0.9100		8.6700		0.5100
155		533.20		7.8300		5.0999		532.70		8.3500		4.1922		108.30		0.000832		0.000676		0.000026		0.000027		8.8100		0.9800		8.6700		0.5100
150		536.80		7.8300		5.0999		536.50		8.3500		4.2125		107.90		0.000834		0.000678		0.000025		0.000027		8.7400		0.9800		8.6700		0.5100
145		540.40		7.7600		5.0999		540.30		8.2800		4.2408		107.60		0.000820		0.000682		0.000026		0.000028		8.7400		0.9800		8.6700		0.5100
140		544.30		7.7600		5.0999		544.10		8.3500		4.2731		106.70		0.000805		0.000677		0.000025		0.000028		8.7400		0.9800		8.6700		0.5100
135		547.60		7.7600		5.0999		548.10		8.2800		4.3015		106.00		0.000786		0.000678		0.000026		0.000028		8.8100		0.9800		8.6700		0.5100
130		552.50		7.7600		5.1041		552.00		8.2800		4.3379		105.40		0.000775		0.000684		0.000026		0.000027		8.7400		0.9800		8.6700		0.5100
125		556.50		7.7600		5.1041		556.20		8.3500		4.3621		103.00		0.000764		0.000678		0.000026		0.000027		8.7400		0.9800		8.6700		0.5100
120		560.70		7.8300		5.0999		560.40		8.3500		4.3945		103.70		0.000755		0.000676		0.000026		0.000028		8.7400		0.9800		8.6700		0.5100
115		564.80		7.7600		5.1041		564.70		8.2800		4.4228		103.80		0.000750		0.000679		0.000026		0.000028		8.7400		0.9800		8.6700		0.5100
110		568.60		7.7600		5.1041		569.10		8.2800		4.4592		102.60		0.000730		0.000686		0.000026		0.000027		8.7400		0.9800		8.6700		0.5100
105		573.00		7.7600		5.1082		573.10		8.2800		4.4916		102.40		0.000718		0.000681		0.000026		0.000028		8.8100		0.9800		8.6700		0.5100
100		578.00		7.7600		5.1082		577.60		8.3500		4.5239		101.40		0.000707		0.000685		0.000027		0.000027		8.8100		0.9800		8.6700		0.5100
95		582.60		7.8300		5.1082		582.10		8.3500		4.5523		100.80		0.000696		0.000677		0.000026		0.000028		8.8100		0.9800		8.6700		0.5100
90		586.90		7.6900		5.1124		586.40		8.2800		4.5846		98.20		0.000679		0.000685		0.000026		0.000028		8.8100		0.9800		8.6700		0.5100
85		590.70		7.7600		5.1124		591.00		8.3500		4.6210		99.10		0.000678		0.000685		0.000026		0.000027		8.8100		0.9800		8.6700		0.5100
80		595.80		7.8300		5.1124		596.10		8.2800		4.6615		98.20		0.000662		0.000682		0.000027		0.000028		8.7400		0.9800		8.6700		0.5100
75		600.50		7.7600		5.1124		600.40		8.2800		4.6938		96.10		0.000649		0.000680		0.000026		0.000027		8.8100		0.9800		8.6700		0.5800
70		606.40		7.7600		5.1165		605.50		8.3500		4.7302		96.90		0.000638		0.000679		0.000026		0.000027		8.8100		0.9800		8.6700		0.5800
65		611.10		7.8300		5.1165		610.60		8.2800		4.7586		94.30		0.000632		0.000682		0.000026		0.000027		8.7400		0.9800		8.6700		0.5800
60		615.90		7.8300		5.1207		615.80		8.3500		4.7990		93.30		0.000614		0.000683		0.000026		0.000027		8.8100		0.9800		8.6700		0.5800
55		621.30		7.8300		5.1207		621.40		8.2800		4.8354		92.80		0.000604		0.000685		0.000026		0.000027		8.8100		0.9800		8.6700		0.5800
50		627.00		7.7600		5.1248		627.50		8.3500		4.8718		92.10		0.000590		0.000686		0.000026		0.000028		8.7400		0.9800		8.6700		0.5800
45		634.40		7.8900		5.1248		634.50		8.2800		4.9082		92.80		0.000579		0.000686		0.000026		0.000027		8.8100		0.9800		8.6700		0.5800
40		642.70		7.8900		5.1248		642.50		8.2200		4.9366		91.00		0.000567		0.000675		0.000027		0.000027		8.8100		0.9800		8.6700		0.5800
35		652.10		7.8300		5.1290		652.10		8.2800		4.9568		92.30		0.000562		0.000664		0.000027		0.000027		8.8100		0.9800		8.6700		0.5800
30		663.30		7.8900		5.1331		664.00		8.2800		4.9770		92.00		0.000550		0.000651		0.000027		0.000027		8.8100		0.9800		8.6700		0.5800
25		677.50		7.8300		5.1331		677.50		8.2800		4.9851		92.10		0.000544		0.000644		0.000026		0.000028		8.8100		0.9100		8.6700		0.5800
20		691.40		7.8900		5.1331		691.40		8.2800		4.9811		92.30		0.000534		0.000630		0.000027		0.000027		8.8100		0.9100		8.6700		0.5800
15		706.00		7.8900		5.1414		706.00		8.2800		4.9811		92.30		0.000522		0.000616		0.000026		0.000027		8.8100		0.9100		8.6700		0.5800
10		721.50		7.8900		5.1414		721.30		8.2200		4.9851		92.50		0.000508		0.000603		0.000027		0.000027		8.8100		0.9100		8.6700		0.5800
5		737.70		7.8900		5.1414		737.00		8.2200		4.9851		92.10		0.000495		0.000586		0.000027		0.000027		8.8100		0.9100		8.6700		0.5800
0		754.10		7.8900		5.1455		753.70		8.2800		4.9851		92.60		0.000483		0.000575		0.000026		0.000027		8.8100		0.9100		8.6700		0.5800
